000006
000012
000021
000028
000030
000031
000049
000062
000066
000078
000088
000090
000099
000401
000415
000417
000418
000422
000426
000488
000501
000511
000513
000519
000525
000528
000540
000541
000543
000547
000550
000552
000563
000566
000572
000582
000587
000592
000596
000600
000603
000612
000616
000620
000631
000636
000650
000652
000656
000661
000667
000669
000671
000680
000681
000685
000688
000690
000693
000697
000703
000718
000719
000726
000732
000735
000748
000758
000762
000777
000780
000786
000788
000816
000823
000829
000830
000848
000850
000852
000860
000861
000869
000877
000887
000897
000900
000919
000921
000926
000930
000931
000933
000939
000951
000961
000962
000969
000973
000975
000979
000988
000997
000998
001696
002004
002005
002011
002013
002018
002022
002025
002028
002029
002030
002041
002048
002049
002050
002056
002063
002064
002069
002073
002078
002091
002092
002093
002106
002118
002122
002128
002140
002143
002155
002161
002168
002174
002179
002181
002183
002190
002191
002194
002195
002203
002204
002216
002219
002221
002223
002225
002233
002237
002238
002240
002242
002244
002249
002250
002251
002254
002266
002267
002269
002271
002273
002275
002276
002277
002281
002285
002293
002299
002308
002309
002311
002315
002317
002325
002327
002332
002340
002342
002345
002358
002368
002371
002373
002384
002390
002392
002393
002396
002400
002405
002408
002414
002419
002424
002428
002430
002431
002437
002440
002444
002461
002463
002466
002477
002479
002480
002482
002489
002490
002503
002508
002551
002557
002573
002574
002588
002595
002635
002642
002646
002648
002662
002663
002665
002672
002678
002681
002698
002701
002705
002727
300033
300039
300043
300072
300088
300115
300134
300144
300147
300199
300202
300244
300253
300267
300273
300274
300291
600004
600006
600017
600021
600026
600037
600039
600056
600058
600059
600062
600064
600067
600073
600079
600086
600088
600110
600112
600120
600122
600125
600132
600138
600141
600143
600151
600158
600160
600161
600169
600171
600175
600176
600180
600183
600184
600187
600195
600198
600199
600200
600201
600216
600219
600220
600240
600251
600259
600260
600261
600267
600270
600280
600284
600289
600292
600298
600300
600312
600320
600325
600329
600335
600337
600351
600366
600376
600380
600387
600389
600392
600395
600397
600403
600409
600410
600416
600418
600422
600425
600426
600428
600429
600433
600435
600436
600446
600456
600458
600460
600468
600478
600481
600482
600487
600488
600496
600498
600499
600500
600507
600509
600510
600511
600517
600521
600522
600525
600528
600536
600537
600545
600546
600551
600557
600563
600566
600572
600575
600580
600584
600586
600587
600594
600596
600601
600611
600614
600617
600618
600628
600635
600636
600639
600640
600643
600645
600651
600654
600655
600657
600664
600673
600675
600685
600694
600699
600702
600704
600720
600729
600736
600737
600743
600747
600748
600750
600754
600755
600757
600759
600761
600765
600770
600773
600776
600780
600787
600790
600797
600801
600803
600805
600808
600811
600812
600816
600823
600825
600826
600831
600835
600850
600851
600859
600864
600869
600872
600874
600879
600880
600881
600884
600885
600894
600895
600917
600967
600970
600971
600978
600983
600993
600997
601000
601001
601002
601005
601010
601012
601101
601126
601139
601208
601226
601233
601311
601369
601515
601608
601666
601678
601717
601718
601777
601801
601880
601886
601908
601965
601999
603001
603005
603019
603077
603169
603188
603328
603366
603369
603555
603698
603699
603766
603899
