index,stock_id,date,high,low,open,close
146,000001,2016-01-04,3538.437,11.3,12.0,3296.258
147,000001,2016-01-05,3327.856,11.17,11.27,3287.71
148,000001,2016-01-06,3362.973,11.39,11.42,3361.84
149,000001,2016-01-07,3309.656,10.909,11.409,3125.001
150,000001,2016-01-08,3235.45,10.909,11.21,3186.412
151,000001,2016-01-11,3166.215,10.699,11.0,3016.703
152,000001,2016-01-12,3047.625,10.649,10.829,3022.861
153,000001,2016-01-13,3058.754,10.71,10.89,2949.596
154,000001,2016-01-14,3012.292,10.5,10.59,3007.648
155,000001,2016-01-15,3001.413,10.43,10.659,2900.969
156,000001,2016-01-18,2945.415,10.329,10.34,2913.836
157,000001,2016-01-19,3011.842,10.409,10.449,3007.739
158,000001,2016-01-20,3016.066,10.449,10.699,2976.693
159,000001,2016-01-21,2998.59,10.319,10.479,2880.481
160,000001,2016-01-22,2931.311,10.22,10.399,2916.562
161,000001,2016-01-25,2955.571,10.329,10.399,2938.514
162,000001,2016-01-26,2911.76,9.859,10.319,2749.785
163,000001,2016-01-27,2768.471,9.609,9.93,2735.557
164,000001,2016-01-28,2740.252,9.659,9.819,2655.66
165,000001,2016-01-29,2755.147,9.689,9.739,2737.599
166,000001,2016-02-01,2734.863,9.739,9.979,2688.853
167,000001,2016-02-02,2755.159,9.8,9.8,2749.57
168,000001,2016-02-03,2746.072,9.77,9.85,2739.246
169,000001,2016-02-04,2793.298,9.88,9.89,2781.022
170,000001,2016-02-05,2789.937,9.909,9.96,2763.491
171,000001,2016-02-15,2760.358,9.659,9.659,2746.195
172,000001,2016-02-16,2840.52,9.84,9.84,2836.57
173,000001,2016-02-17,2868.021,10.0,10.029,2867.337
174,000001,2016-02-18,2893.214,10.09,10.18,2862.892
175,000001,2016-02-19,2872.681,10.0,10.09,2860.02
176,000001,2016-02-22,2933.819,10.06,10.13,2927.175
177,000001,2016-02-23,2928.048,10.05,10.289,2903.331
178,000001,2016-02-24,2929.844,10.01,10.06,2928.895
179,000001,2016-02-25,2922.237,9.619,10.119,2741.245
180,000001,2016-02-26,2784.719,9.67,9.77,2767.209
181,000001,2016-02-29,2755.488,9.42,9.789,2687.978
182,000001,2016-03-01,2747.419,9.579,9.619,2733.169
183,000001,2016-03-02,2852.7,9.72,9.75,2849.681
184,000001,2016-03-03,2878.065,10.05,10.09,2859.758
185,000001,2016-03-04,2880.371,10.079,10.09,2874.146
186,000001,2016-03-07,2911.838,10.3,10.35,2897.339
187,000001,2016-03-08,2902.055,10.0,10.359,2901.386
188,000001,2016-03-09,2863.014,10.05,10.14,2862.555
189,000001,2016-03-10,2862.682,10.14,10.239,2804.725
190,000001,2016-03-11,2815.513,10.039,10.1,2810.307
191,000001,2016-03-14,2889.644,10.21,10.21,2859.499
192,000001,2016-03-15,2865.787,10.17,10.279,2864.368
193,000001,2016-03-16,2880.694,10.26,10.27,2870.429
194,000001,2016-03-17,2920.723,10.3,10.359,2904.831
195,000001,2016-03-18,2971.435,10.399,10.42,2955.149
196,000001,2016-03-21,3028.258,10.55,10.55,3018.801
197,000001,2016-03-22,3018.806,10.689,10.77,2999.362
198,000001,2016-03-23,3012.368,10.609,10.71,3009.96
199,000001,2016-03-24,2998.153,10.51,10.609,2960.97
200,000001,2016-03-25,2981.194,10.51,10.51,2979.434
201,000001,2016-03-28,3008.045,10.449,10.619,2957.82
202,000001,2016-03-29,2962.103,10.39,10.51,2919.831
203,000001,2016-03-30,3000.645,10.479,10.479,3000.645
204,000001,2016-03-31,3023.124,10.64,10.71,3003.915
205,000001,2016-04-01,3009.652,10.5,10.619,3009.529
206,000001,2016-04-05,3057.173,10.52,10.619,3053.065
207,000001,2016-04-06,3059.793,10.609,10.68,3050.592
208,000001,2016-04-07,3062.357,10.59,10.72,3008.419
209,000001,2016-04-08,2995.813,10.5,10.55,2984.958
210,000001,2016-04-11,3048.821,10.6,10.6,3033.957
211,000001,2016-04-12,3036.555,10.619,10.699,3023.646
212,000001,2016-04-13,3096.975,10.72,10.729,3066.638
213,000001,2016-04-14,3086.668,10.789,10.88,3082.361
214,000001,2016-04-15,3089.945,10.8,10.84,3078.116
215,000001,2016-04-18,3058.462,10.729,10.819,3033.66
216,000001,2016-04-19,3054.369,10.71,10.77,3042.823
217,000001,2016-04-20,3055.447,10.39,10.77,2972.583
218,000001,2016-04-21,2990.672,10.449,10.52,2952.891
219,000001,2016-04-22,2960.208,10.409,10.46,2959.239
220,000001,2016-04-25,2953.888,10.42,10.56,2946.67
221,000001,2016-04-26,2965.427,10.47,10.479,2964.699
222,000001,2016-04-27,2975.963,10.52,10.579,2953.67
223,000001,2016-04-28,2959.213,10.539,10.579,2945.588
224,000001,2016-04-29,2950.424,10.55,10.64,2938.323
225,000001,2016-05-03,2993.197,10.52,10.579,2992.643
226,000001,2016-05-04,3004.267,10.67,10.68,2991.272
227,000001,2016-05-05,2999.106,10.649,10.689,2997.841
228,000001,2016-05-06,3003.537,10.52,10.729,2913.247
229,000001,2016-05-09,2896.162,10.319,10.5,2832.112
230,000001,2016-05-10,2845.052,10.27,10.34,2832.591
231,000001,2016-05-11,2857.167,10.3,10.3,2837.037
232,000001,2016-05-12,2839.18,10.25,10.31,2835.861
233,000001,2016-05-13,2850.093,10.329,10.35,2827.108
234,000001,2016-05-16,2851.064,10.25,10.319,2850.861
235,000001,2016-05-17,2860.268,10.239,10.359,2843.684
236,000001,2016-05-18,2828.255,10.17,10.289,2807.514
237,000001,2016-05-19,2829.315,10.25,10.27,2806.906
238,000001,2016-05-20,2825.939,10.189,10.239,2825.483
239,000001,2016-05-23,2848.071,10.26,10.329,2843.645
240,000001,2016-05-24,2839.695,10.189,10.27,2821.666
241,000001,2016-05-25,2843.089,10.189,10.25,2815.086
242,000001,2016-05-26,2826.999,10.17,10.22,2822.442
243,000001,2016-05-27,2832.324,10.189,10.22,2821.045
244,000001,2016-05-30,2830.901,10.199,10.25,2822.45
245,000001,2016-05-31,2917.038,10.26,10.26,2916.615
246,000001,2016-06-01,2928.975,10.439,10.51,2913.507
247,000001,2016-06-02,2925.433,10.42,10.47,2925.229
248,000001,2016-06-03,2945.462,10.409,10.47,2938.681
249,000001,2016-06-06,2945.63,10.449,10.51,2934.097
250,000001,2016-06-07,2938.208,10.479,10.52,2936.044
137,000002,2016-01-04,3703.513,3449.502,3701.583,3450.03
138,000002,2016-01-05,3482.824,3338.302,3345.625,3440.785
139,000002,2016-01-06,3519.728,3442.621,3444.441,3518.54
140,000002,2016-01-07,3463.89,3261.163,3463.89,3270.706
141,000002,2016-01-08,3386.28,3199.611,3343.441,3334.934
142,000002,2016-01-11,3313.908,3157.712,3277.779,3157.712
143,000002,2016-01-12,3189.991,3117.726,3167.625,3164.066
144,000002,2016-01-13,3201.481,3087.16,3183.088,3087.203
145,000002,2016-01-14,3152.697,3002.127,3008.114,3147.863
146,000002,2016-01-15,3141.312,3018.356,3127.301,3036.044
147,000002,2016-01-18,3082.569,2977.69,2980.093,3049.491
148,000002,2016-01-19,3152.038,3041.845,3050.114,3147.725
149,000002,2016-01-20,3156.485,3089.517,3132.298,3115.336
150,000002,2016-01-21,3138.311,3014.287,3071.034,3014.708
151,000002,2016-01-22,3067.954,2984.583,3046.829,3052.466
152,000002,2016-01-25,3093.265,3047.708,3070.803,3075.422
153,000002,2016-01-26,3047.403,2871.463,3043.112,2877.696
154,000002,2016-01-27,2897.274,2760.92,2884.3,2862.749
155,000002,2016-01-28,2867.627,2770.856,2837.166,2778.982
156,000002,2016-01-29,2883.174,2772.771,2776.012,2864.757
157,000002,2016-02-01,2861.868,2779.244,2857.811,2813.678
158,000002,2016-02-02,2883.086,2812.78,2812.78,2877.208
159,000002,2016-02-03,2873.513,2822.057,2845.749,2866.355
160,000002,2016-02-04,2922.957,2879.116,2879.116,2910.077
161,000002,2016-02-05,2919.337,2890.221,2912.213,2891.621
162,000002,2016-02-15,2888.405,2806.582,2809.387,2873.571
163,000002,2016-02-16,2972.467,2886.57,2886.57,2968.331
164,000002,2016-02-17,3001.282,2955.495,2961.176,3000.552
165,000002,2016-02-18,3027.621,2990.347,3015.701,2995.793
166,000002,2016-02-19,3006.08,2972.59,2987.393,2992.796
167,000002,2016-02-22,3070.146,3014.173,3022.765,3063.165
168,000002,2016-02-23,3064.071,3005.606,3061.628,3038.157
169,000002,2016-02-24,3065.921,3006.073,3024.054,3064.927
170,000002,2016-02-25,3057.954,2857.021,3057.954,2868.491
171,000002,2016-02-26,2913.967,2841.925,2888.179,2895.599
172,000002,2016-02-29,2883.338,2761.417,2882.583,2812.803
173,000002,2016-03-01,2875.024,2792.627,2813.175,2860.094
174,000002,2016-03-02,2985.26,2860.107,2860.722,2982.088
175,000002,2016-03-03,3011.827,2972.847,2979.615,2992.712
176,000002,2016-03-04,3014.447,2940.258,2980.918,3007.985
177,000002,2016-03-07,3047.406,3005.276,3021.056,3032.192
178,000002,2016-03-08,3037.133,2932.794,3030.41,3036.427
179,000002,2016-03-09,2996.291,2942.497,2971.386,2995.812
180,000002,2016-03-10,2995.86,2934.354,2980.051,2935.105
181,000002,2016-03-11,2946.378,2901.718,2910.84,2940.937
182,000002,2016-03-14,3023.974,2954.59,2961.666,2992.376
183,000002,2016-03-15,2999.01,2950.966,2986.576,2997.514
184,000002,2016-03-16,3014.741,2986.833,2991.552,3004.022
185,000002,2016-03-17,3056.647,2990.193,3009.248,3039.977
186,000002,2016-03-18,3109.695,3044.574,3051.194,3092.593
187,000002,2016-03-21,3169.215,3111.989,3116.992,3159.275
188,000002,2016-03-22,3159.272,3127.417,3141.246,3138.887
189,000002,2016-03-23,3152.524,3119.555,3130.287,3149.97
190,000002,2016-03-24,3137.588,3098.609,3125.653,3098.609
191,000002,2016-03-25,3119.803,3089.63,3093.617,3117.933
192,000002,2016-03-28,3147.871,3085.48,3126.923,3095.224
193,000002,2016-03-29,3099.713,3040.186,3094.072,3055.434
194,000002,2016-03-30,3140.135,3077.881,3077.881,3140.135
195,000002,2016-03-31,3163.712,3132.165,3149.281,3143.562
196,000002,2016-04-01,3149.603,3093.617,3136.402,3149.471
197,000002,2016-04-05,3199.429,3132.409,3140.445,3195.12
198,000002,2016-04-06,3202.146,3170.856,3181.131,3192.504
199,000002,2016-04-07,3204.858,3147.079,3200.645,3148.257
200,000002,2016-04-08,3135.061,3098.183,3127.061,3123.705
201,000002,2016-04-11,3190.659,3146.756,3146.756,3175.087
202,000002,2016-04-12,3177.8,3140.862,3172.301,3164.253
203,000002,2016-04-13,3241.132,3182.847,3182.847,3209.318
204,000002,2016-04-14,3230.314,3199.413,3223.43,3225.793
205,000002,2016-04-15,3233.755,3209.544,3228.603,3221.338
206,000002,2016-04-18,3200.712,3163.622,3200.712,3174.759
207,000002,2016-04-19,3196.471,3165.698,3188.904,3184.38
208,000002,2016-04-20,3197.626,3040.004,3192.311,3110.864
209,000002,2016-04-21,3129.816,3080.469,3091.722,3090.217
210,000002,2016-04-22,3097.862,3063.174,3069.366,3096.844
211,000002,2016-04-25,3091.236,3052.753,3087.111,3083.668
212,000002,2016-04-26,3103.319,3070.342,3081.612,3102.559
213,000002,2016-04-27,3114.357,3086.581,3105.177,3090.976
214,000002,2016-04-28,3096.798,3051.91,3093.153,3082.506
215,000002,2016-04-29,3087.602,3066.532,3071.777,3074.873
216,000002,2016-05-03,3132.367,3065.939,3077.038,3131.787
217,000002,2016-05-04,3143.978,3117.461,3121.685,3130.355
218,000002,2016-05-05,3138.588,3115.612,3125.887,3137.263
219,000002,2016-05-06,3143.226,3048.577,3137.856,3048.577
220,000002,2016-05-09,3030.66,2952.745,3030.66,2963.542
221,000002,2016-05-10,2977.161,2951.019,2953.273,2964.099
222,000002,2016-05-11,2989.981,2949.797,2975.601,2968.933
223,000002,2016-05-12,2971.271,2910.982,2942.757,2967.785
224,000002,2016-05-13,2982.679,2945.02,2960.016,2958.655
225,000002,2016-05-16,2983.738,2935.449,2947.801,2983.534
226,000002,2016-05-17,2993.407,2964.417,2983.593,2976.01
227,000002,2016-05-18,2959.699,2910.995,2959.618,2938.319
228,000002,2016-05-19,2961.131,2932.298,2932.859,2937.95
229,000002,2016-05-20,2957.903,2915.648,2923.238,2957.436
230,000002,2016-05-23,2981.023,2958.23,2958.289,2976.406
231,000002,2016-05-24,2972.238,2938.228,2972.225,2953.419
232,000002,2016-05-25,2975.82,2938.821,2967.424,2946.499
233,000002,2016-05-26,2959.005,2910.82,2944.895,2954.274
234,000002,2016-05-27,2964.596,2941.3,2949.577,2952.777
235,000002,2016-05-30,2963.134,2925.127,2946.055,2954.316
236,000002,2016-05-31,3053.223,2954.449,2954.449,3052.774
237,000002,2016-06-01,3065.73,3045.378,3053.337,3049.506
238,000002,2016-06-02,3061.983,3042.313,3047.108,3061.773
239,000002,2016-06-03,3082.985,3051.364,3066.571,3075.869
240,000002,2016-06-06,3083.116,3058.772,3078.287,3071.064
241,000002,2016-06-07,3075.363,3060.139,3073.356,3073.107
116,000009,2016-01-04,6715.409,16.159,17.959,6160.65
117,000009,2016-01-05,6215.609,14.81,14.899,6114.546
118,000009,2016-01-06,6270.861,15.5,15.689,6269.695
119,000009,2016-01-07,6160.514,14.359,15.5,5740.388
120,000009,2016-01-08,5944.69,13.39,14.77,5847.361
121,000009,2016-01-11,5809.357,13.05,13.96,5452.516
122,000009,2016-01-12,5507.297,12.64,13.0,5445.884
123,000009,2016-01-13,5534.081,12.63,13.09,5268.395
124,000009,2016-01-14,5440.838,12.079,12.079,5429.348
125,000009,2016-01-15,5428.013,12.1,13.01,5212.134
126,000009,2016-01-18,5336.194,11.789,11.789,5274.117
127,000009,2016-01-19,5478.678,12.51,12.51,5472.598
128,000009,2016-01-20,5516.608,12.88,13.1,5432.372
129,000009,2016-01-21,5461.666,12.3,12.84,5205.749
130,000009,2016-01-22,5310.589,12.21,12.59,5281.699
131,000009,2016-01-25,5376.921,12.6,12.899,5344.429
132,000009,2016-01-26,5284.131,11.47,12.5,4943.74
133,000009,2016-01-27,4966.304,10.409,11.409,4877.569
134,000009,2016-01-28,4872.236,10.8,11.189,4657.408
135,000009,2016-01-29,4857.635,10.85,10.85,4817.772
136,000009,2016-02-01,4836.199,11.439,11.789,4751.176
137,000009,2016-02-02,4911.836,11.729,11.779,4905.857
138,000009,2016-02-03,4935.345,11.72,11.869,4917.509
139,000009,2016-02-04,5037.902,12.21,12.279,5021.18
140,000009,2016-02-05,5041.326,11.949,12.42,4978.317
141,000009,2016-02-15,4998.049,11.409,11.449,4970.693
142,000009,2016-02-16,5172.732,12.09,12.1,5163.119
143,000009,2016-02-17,5238.235,12.569,12.689,5232.155
144,000009,2016-02-18,5286.965,12.789,12.989,5230.377
145,000009,2016-02-19,5265.59,12.8,12.85,5243.45
146,000009,2016-02-22,5362.417,13.079,13.22,5354.372
147,000009,2016-02-23,5365.826,12.899,13.25,5321.151
148,000009,2016-02-24,5379.176,12.649,13.1,5378.497
149,000009,2016-02-25,5363.359,11.88,13.27,4961.567
150,000009,2016-02-26,5036.103,11.899,12.06,4998.461
151,000009,2016-02-29,4973.025,10.96,11.979,4737.82
152,000009,2016-03-01,4860.725,10.859,11.1,4836.271
153,000009,2016-03-02,5084.168,11.27,11.35,5076.92
154,000009,2016-03-03,5169.793,11.899,12.0,5099.05
155,000009,2016-03-04,5118.322,11.729,12.1,4961.912
156,000009,2016-03-07,5097.07,12.1,12.1,5083.411
157,000009,2016-03-08,5096.38,11.949,12.5,5096.38
158,000009,2016-03-09,5034.75,11.909,12.119,4961.952
159,000009,2016-03-10,5001.215,11.729,12.039,4887.908
160,000009,2016-03-11,4909.288,11.399,11.55,4880.481
161,000009,2016-03-14,5083.325,11.75,11.8,5034.448
162,000009,2016-03-15,5038.053,12.06,12.13,5007.341
163,000009,2016-03-16,5035.416,11.829,12.329,4935.829
164,000009,2016-03-17,5089.775,11.989,11.989,5075.912
165,000009,2016-03-18,5254.058,12.489,12.539,5240.511
166,000009,2016-03-21,5376.603,13.029,13.18,5375.655
167,000009,2016-03-22,5392.854,13.079,13.14,5348.954
168,000009,2016-03-23,5386.571,13.029,13.079,5386.187
169,000009,2016-03-24,5386.225,12.819,13.149,5297.313
170,000009,2016-03-25,5355.089,12.829,12.829,5354.508
171,000009,2016-03-28,5426.636,13.119,13.26,5323.737
172,000009,2016-03-29,5327.154,12.979,13.25,5227.706
173,000009,2016-03-30,5409.471,13.17,13.39,5408.368
174,000009,2016-03-31,5468.943,13.63,14.029,5422.171
175,000009,2016-04-01,5425.702,13.21,13.649,5400.074
176,000009,2016-04-05,5537.585,13.55,13.55,5533.403
177,000009,2016-04-06,5553.781,14.529,15.0,5552.651
178,000009,2016-04-07,5572.048,14.779,14.85,5466.271
179,000009,2016-04-08,5437.791,14.02,14.539,5415.192
180,000009,2016-04-11,5549.081,14.409,14.489,5525.044
181,000009,2016-04-12,5529.143,14.029,14.369,5483.858
182,000009,2016-04-13,5625.782,14.449,14.449,5559.916
183,000009,2016-04-14,5613.676,14.479,14.72,5612.377
184,000009,2016-04-15,5624.812,14.22,14.689,5603.691
185,000009,2016-04-18,5566.412,13.869,14.199,5506.201
186,000009,2016-04-19,5546.116,14.1,14.1,5529.777
187,000009,2016-04-20,5561.119,13.47,14.699,5286.203
188,000009,2016-04-21,5344.15,13.649,13.699,5248.6
189,000009,2016-04-22,5273.487,13.359,13.6,5272.35
190,000009,2016-04-25,5268.022,13.35,13.75,5251.061
191,000009,2016-04-26,5303.532,13.42,13.47,5303.27
192,000009,2016-04-27,5334.199,13.71,13.77,5273.075
193,000009,2016-04-28,5280.392,13.71,13.819,5248.101
194,000009,2016-04-29,5270.089,13.579,13.949,5244.965
195,000009,2016-05-03,5395.407,13.42,13.6,5394.542
196,000009,2016-05-04,5433.656,13.88,14.0,5400.676
197,000009,2016-05-05,5428.577,13.89,13.92,5427.455
198,000009,2016-05-06,5446.174,13.17,14.02,5212.654
199,000009,2016-05-09,5170.322,12.279,13.0,5022.495
200,000009,2016-05-10,5043.25,12.279,12.399,5023.27
201,000009,2016-05-11,5079.488,12.239,12.529,5017.715
202,000009,2016-05-12,5009.159,11.72,12.1,5007.661
203,000009,2016-05-13,5053.729,12.149,12.279,4992.25
204,000009,2016-05-16,5065.688,12.0,12.25,5064.759
205,000009,2016-05-17,5089.339,12.46,12.619,5041.372
206,000009,2016-05-18,5003.393,11.92,12.5,4909.375
207,000009,2016-05-19,4987.449,12.09,12.14,4929.189
208,000009,2016-05-20,4984.104,11.869,12.01,4983.355
209,000009,2016-05-23,5044.38,12.31,12.31,5044.046
210,000009,2016-05-24,5034.93,12.38,12.38,4985.89
211,000009,2016-05-25,5034.085,12.31,12.569,4963.236
212,000009,2016-05-26,4982.065,11.97,12.319,4979.676
213,000009,2016-05-27,5010.988,12.18,12.289,4981.081
214,000009,2016-05-30,5002.761,12.109,12.3,4964.471
215,000009,2016-05-31,5158.781,12.3,12.3,5158.624
216,000009,2016-06-01,5205.868,12.84,12.88,5179.369
217,000009,2016-06-02,5217.421,13.05,13.079,5216.534
218,000009,2016-06-03,5253.805,13.119,13.289,5234.016
219,000009,2016-06-06,5262.552,13.069,13.25,5242.836
220,000009,2016-06-07,5243.356,13.02,13.26,5241.309
146,000027,2016-01-04,1179.705,8.829,9.8,1102.406
147,000027,2016-01-05,1113.889,8.42,8.55,1088.778
148,000027,2016-01-06,1117.357,8.859,8.88,1117.16
149,000027,2016-01-07,1116.709,8.17,8.939,1053.402
150,000027,2016-01-08,1096.173,7.84,8.46,1082.043
151,000027,2016-01-11,1110.038,7.539,8.199,1053.967
152,000027,2016-01-12,1081.687,7.539,7.679,1059.771
153,000027,2016-01-13,1070.442,7.469,7.769,1031.661
154,000027,2016-01-14,1040.59,7.28,7.349,1036.486
155,000027,2016-01-15,1027.952,7.449,7.71,977.665
156,000027,2016-01-18,1006.787,7.38,7.389,994.75
157,000027,2016-01-19,1024.886,7.48,7.51,1020.261
158,000027,2016-01-20,1056.204,7.65,7.829,1036.651
159,000027,2016-01-21,1037.803,7.5,7.679,999.803
160,000027,2016-01-22,1012.559,7.38,7.55,1004.483
161,000027,2016-01-25,1012.503,7.5,7.57,1004.011
162,000027,2016-01-26,999.971,6.789,7.489,943.521
163,000027,2016-01-27,950.848,6.219,6.809,918.456
164,000027,2016-01-28,913.373,6.199,6.44,880.515
165,000027,2016-01-29,910.41,6.21,6.23,905.059
166,000027,2016-02-01,905.343,6.3,6.48,891.135
167,000027,2016-02-02,917.342,6.34,6.34,910.81
168,000027,2016-02-03,914.384,6.4,6.5,911.069
169,000027,2016-02-04,923.325,6.73,6.78,920.018
170,000027,2016-02-05,940.165,6.829,6.929,923.788
171,000027,2016-02-15,931.884,6.519,6.619,925.272
172,000027,2016-02-16,954.747,6.78,6.78,953.434
173,000027,2016-02-17,963.217,6.94,7.0,960.107
174,000027,2016-02-18,963.57,7.05,7.21,953.703
175,000027,2016-02-19,957.053,7.059,7.11,950.993
176,000027,2016-02-22,959.262,7.21,7.28,953.731
177,000027,2016-02-23,951.459,7.07,7.34,932.569
178,000027,2016-02-24,949.175,7.11,7.15,948.88
179,000027,2016-02-25,946.558,6.619,7.199,870.01
180,000027,2016-02-26,884.112,6.639,6.789,876.787
181,000027,2016-02-29,874.348,6.269,6.789,838.258
182,000027,2016-03-01,852.072,6.4,6.55,848.75
183,000027,2016-03-02,888.563,6.55,6.55,888.355
184,000027,2016-03-03,904.466,6.869,6.92,894.841
185,000027,2016-03-04,913.702,6.909,6.909,910.073
186,000027,2016-03-07,922.548,7.01,7.179,912.486
187,000027,2016-03-08,916.044,6.78,7.119,915.854
188,000027,2016-03-09,904.659,6.789,6.92,904.347
189,000027,2016-03-10,901.648,6.639,6.84,879.35
190,000027,2016-03-11,878.045,6.599,6.61,872.288
191,000027,2016-03-14,905.344,6.739,6.739,896.666
192,000027,2016-03-15,899.15,6.719,6.909,898.771
193,000027,2016-03-16,909.266,6.78,6.809,903.215
194,000027,2016-03-17,914.597,6.789,6.88,910.144
195,000027,2016-03-18,928.794,6.94,6.98,918.689
196,000027,2016-03-21,945.44,7.19,7.19,936.032
197,000027,2016-03-22,935.911,7.239,7.389,926.9
198,000027,2016-03-23,927.819,7.19,7.269,922.349
199,000027,2016-03-24,924.036,7.039,7.199,908.12
200,000027,2016-03-25,912.595,7.03,7.03,910.816
201,000027,2016-03-28,921.129,7.15,7.179,907.104
202,000027,2016-03-29,907.613,7.019,7.239,890.989
203,000027,2016-03-30,911.159,7.159,7.17,911.109
204,000027,2016-03-31,936.474,7.23,7.34,933.12
205,000027,2016-04-01,953.238,7.099,7.239,939.96
206,000027,2016-04-05,960.117,7.199,7.219,957.42
207,000027,2016-04-06,954.193,7.28,7.32,944.896
208,000027,2016-04-07,948.489,7.239,7.389,931.355
209,000027,2016-04-08,928.094,7.099,7.179,923.395
210,000027,2016-04-11,938.835,7.23,7.23,933.071
211,000027,2016-04-12,933.773,7.199,7.3,926.835
212,000027,2016-04-13,951.058,7.289,7.3,941.907
213,000027,2016-04-14,954.522,7.32,7.409,945.931
214,000027,2016-04-15,947.344,7.34,7.36,940.303
215,000027,2016-04-18,941.288,7.21,7.369,929.4
216,000027,2016-04-19,938.903,7.19,7.28,934.08
217,000027,2016-04-20,942.13,6.8,7.23,918.369
218,000027,2016-04-21,915.574,6.8,6.92,902.375
219,000027,2016-04-22,901.377,6.76,6.8,895.874
220,000027,2016-04-25,896.217,6.78,6.88,892.503
221,000027,2016-04-26,898.998,6.78,6.82,895.978
222,000027,2016-04-27,897.129,6.849,6.86,890.582
223,000027,2016-04-28,894.38,6.739,6.849,890.79
224,000027,2016-04-29,890.287,6.73,6.78,886.874
225,000027,2016-05-03,902.649,6.769,6.78,902.12
226,000027,2016-05-04,936.557,6.86,6.909,933.208
227,000027,2016-05-05,949.688,6.889,6.9,940.032
228,000027,2016-05-06,955.321,6.679,6.92,922.11
229,000027,2016-05-09,917.192,6.409,6.659,898.164
230,000027,2016-05-10,920.631,6.429,6.44,910.183
231,000027,2016-05-11,948.411,6.329,6.51,936.316
232,000027,2016-05-12,942.375,6.3,6.42,929.843
233,000027,2016-05-13,932.316,6.449,6.559,922.966
234,000027,2016-05-16,930.57,6.36,6.38,929.983
235,000027,2016-05-17,927.765,6.429,6.48,913.669
236,000027,2016-05-18,914.622,6.289,6.449,903.107
237,000027,2016-05-19,910.832,6.309,6.309,901.693
238,000027,2016-05-20,907.7,6.289,6.329,906.582
239,000027,2016-05-23,918.673,6.38,6.38,917.263
240,000027,2016-05-24,913.941,6.329,6.409,906.947
241,000027,2016-05-25,914.277,6.3,6.389,890.727
242,000027,2016-05-26,890.375,6.179,6.34,882.24
243,000027,2016-05-27,887.835,6.25,6.309,882.815
244,000027,2016-05-30,879.298,6.25,6.309,872.836
245,000027,2016-05-31,900.961,6.28,6.28,900.863
246,000027,2016-06-01,905.165,6.46,6.46,899.707
247,000027,2016-06-02,910.36,6.449,6.48,908.631
248,000027,2016-06-03,908.945,6.48,6.5,907.779
249,000027,2016-06-06,927.763,6.559,6.59,912.877
250,000027,2016-06-07,911.812,6.51,6.57,908.771
146,000039,2016-01-04,5123.27,19.0,21.0,4729.201
147,000039,2016-01-05,4723.877,18.399,18.799,4626.777
148,000039,2016-01-06,4700.316,19.0,19.2,4698.713
149,000039,2016-01-07,4611.156,17.649,19.079,4346.097
150,000039,2016-01-08,4459.349,17.299,18.399,4360.502
151,000039,2016-01-11,4315.999,16.2,17.79,4065.338
152,000039,2016-01-12,4149.134,16.079,16.18,4095.854
153,000039,2016-01-13,4147.329,15.6,16.649,3952.233
154,000039,2016-01-14,4097.897,15.21,15.39,4090.931
155,000039,2016-01-15,4103.764,14.899,16.04,3972.574
156,000039,2016-01-18,4093.588,14.97,15.09,4055.109
157,000039,2016-01-19,4188.252,15.279,15.399,4184.345
158,000039,2016-01-20,4207.364,15.449,15.92,4136.204
159,000039,2016-01-21,4185.293,14.989,15.39,3985.11
160,000039,2016-01-22,4056.522,14.84,15.21,4035.989
161,000039,2016-01-25,4081.607,15.189,15.38,4040.18
162,000039,2016-01-26,3981.909,13.75,15.01,3760.563
163,000039,2016-01-27,3762.744,12.67,13.789,3701.791
164,000039,2016-01-28,3690.173,12.579,13.0,3535.495
165,000039,2016-01-29,3697.82,12.659,12.75,3669.866
166,000039,2016-02-01,3684.782,12.75,13.289,3615.72
167,000039,2016-02-02,3780.314,12.92,12.92,3758.938
168,000039,2016-02-03,3774.846,13.26,13.35,3757.513
169,000039,2016-02-04,3851.296,13.75,13.81,3827.428
170,000039,2016-02-05,3844.232,13.71,14.149,3783.855
171,000039,2016-02-15,3806.134,13.199,13.279,3784.852
172,000039,2016-02-16,3960.668,13.619,13.649,3947.93
173,000039,2016-02-17,3995.792,14.01,14.159,3986.257
174,000039,2016-02-18,4042.986,14.359,14.46,3985.877
175,000039,2016-02-19,4048.669,14.399,14.59,4009.894
176,000039,2016-02-22,4065.669,14.659,14.899,4061.974
177,000039,2016-02-23,4063.098,14.46,14.8,4005.603
178,000039,2016-02-24,4029.419,14.39,14.56,4005.375
179,000039,2016-02-25,4000.682,13.899,15.3,3715.067
180,000039,2016-02-26,3754.499,13.88,14.26,3691.719
181,000039,2016-02-29,3671.643,13.06,14.14,3495.624
182,000039,2016-03-01,3577.082,13.46,13.56,3550.56
183,000039,2016-03-02,3706.166,13.77,13.8,3703.136
184,000039,2016-03-03,3799.167,14.609,14.659,3729.099
185,000039,2016-03-04,3726.807,14.699,14.699,3624.204
186,000039,2016-03-07,3748.947,15.979,16.26,3715.995
187,000039,2016-03-08,3738.917,15.01,16.19,3738.115
188,000039,2016-03-09,3708.394,14.909,15.199,3664.671
189,000039,2016-03-10,3692.096,14.689,15.09,3608.675
190,000039,2016-03-11,3632.045,14.199,14.52,3614.943
191,000039,2016-03-14,3794.29,14.64,14.68,3760.371
192,000039,2016-03-15,3786.467,14.699,14.949,3740.413
193,000039,2016-03-16,3789.191,14.739,14.89,3732.27
194,000039,2016-03-17,3896.128,14.88,15.1,3882.804
195,000039,2016-03-18,4045.081,15.27,15.319,4014.162
196,000039,2016-03-21,4133.593,15.63,15.85,4129.874
197,000039,2016-03-22,4175.918,15.659,15.88,4135.445
198,000039,2016-03-23,4175.78,15.46,15.6,4175.138
199,000039,2016-03-24,4220.253,15.329,15.56,4116.596
200,000039,2016-03-25,4133.632,15.319,15.319,4110.296
201,000039,2016-03-28,4163.321,15.5,15.6,4083.138
202,000039,2016-03-29,4082.213,14.899,15.5,4024.422
203,000039,2016-03-30,4150.169,15.25,15.789,4149.106
204,000039,2016-03-31,4215.33,15.279,15.59,4156.016
205,000039,2016-04-01,4156.444,14.88,15.35,4130.816
206,000039,2016-04-05,4282.701,15.0,15.0,4272.327
207,000039,2016-04-06,4286.081,15.539,15.619,4261.682
208,000039,2016-04-07,4266.824,15.3,15.75,4183.696
209,000039,2016-04-08,4170.808,14.989,15.3,4147.482
210,000039,2016-04-11,4228.741,15.25,15.25,4191.441
211,000039,2016-04-12,4194.182,15.35,15.47,4155.366
212,000039,2016-04-13,4264.37,15.569,15.63,4199.765
213,000039,2016-04-14,4252.502,15.689,15.89,4251.319
214,000039,2016-04-15,4306.264,15.63,15.829,4284.243
215,000039,2016-04-18,4242.305,15.31,15.68,4172.914
216,000039,2016-04-19,4216.636,15.319,15.5,4198.111
217,000039,2016-04-20,4227.831,14.539,15.46,4032.718
218,000039,2016-04-21,4032.072,14.699,14.779,3924.811
219,000039,2016-04-22,3945.674,14.439,14.609,3945.248
220,000039,2016-04-25,3937.892,14.279,14.59,3896.275
221,000039,2016-04-26,3948.75,14.359,14.489,3946.831
222,000039,2016-04-27,3970.101,14.42,14.529,3914.533
223,000039,2016-04-28,3939.907,14.149,14.439,3929.66
224,000039,2016-04-29,3942.8,14.22,14.22,3915.661
225,000039,2016-05-03,4069.176,14.5,14.55,4067.979
226,000039,2016-05-04,4127.014,14.609,14.829,4086.135
227,000039,2016-05-05,4105.798,14.63,14.739,4098.757
228,000039,2016-05-06,4119.564,14.199,14.77,3906.448
229,000039,2016-05-09,3871.591,13.659,14.079,3775.079
230,000039,2016-05-10,3777.022,13.56,13.699,3742.143
231,000039,2016-05-11,3765.417,13.68,14.0,3699.839
232,000039,2016-05-12,3723.227,13.439,13.649,3711.794
233,000039,2016-05-13,3742.543,13.63,13.789,3665.873
234,000039,2016-05-16,3726.652,13.63,13.659,3725.116
235,000039,2016-05-17,3788.879,13.649,13.829,3741.779
236,000039,2016-05-18,3694.512,13.529,13.72,3624.901
237,000039,2016-05-19,3724.864,13.699,13.869,3653.285
238,000039,2016-05-20,3723.318,13.569,13.609,3722.889
239,000039,2016-05-23,3789.006,13.779,13.829,3785.133
240,000039,2016-05-24,3787.603,13.659,13.899,3750.437
241,000039,2016-05-25,3822.995,13.649,13.8,3737.022
242,000039,2016-05-26,3761.256,13.619,13.75,3760.011
243,000039,2016-05-27,3794.789,13.71,13.829,3766.416
244,000039,2016-05-30,3791.424,13.739,13.85,3754.044
245,000039,2016-05-31,3947.771,13.84,13.85,3945.337
246,000039,2016-06-01,3988.994,14.17,14.3,3963.565
247,000039,2016-06-02,3998.142,14.17,14.17,3997.23
248,000039,2016-06-03,4087.771,14.149,14.25,4045.523
249,000039,2016-06-06,4087.75,14.14,14.25,4051.464
250,000039,2016-06-07,4054.694,14.26,14.439,4047.574
146,000046,2016-01-04,4681.873,11.319,12.55,4312.308
147,000046,2016-01-05,4355.914,10.56,10.899,4293.58
148,000046,2016-01-06,4400.383,11.01,11.17,4399.857
149,000046,2016-01-07,4322.257,10.25,11.119,4044.93
150,000046,2016-01-08,4201.353,9.899,10.67,4133.743
151,000046,2016-01-11,4113.582,9.489,10.0,3878.045
152,000046,2016-01-12,3920.677,10.0,9.949,3883.799
153,000046,2016-01-13,3936.196,9.85,10.02,3762.441
154,000046,2016-01-14,3871.507,9.5,9.699,3862.925
155,000046,2016-01-15,3860.566,9.619,10.029,3715.828
156,000046,2016-01-18,3793.495,9.539,9.55,3750.405
157,000046,2016-01-19,3881.825,9.72,9.789,3876.906
158,000046,2016-01-20,3902.646,9.909,10.119,3841.499
159,000046,2016-01-21,3864.15,9.609,9.859,3691.353
160,000046,2016-01-22,3762.33,9.609,9.85,3739.765
161,000046,2016-01-25,3799.443,9.84,9.89,3771.996
162,000046,2016-01-26,3738.741,9.22,9.84,3501.361
163,000046,2016-01-27,3522.518,9.399,9.55,3453.623
164,000046,2016-01-28,3458.49,9.449,9.689,3311.438
165,000046,2016-01-29,3452.939,9.659,9.699,3428.011
166,000046,2016-02-01,3435.369,9.71,9.819,3373.483
167,000046,2016-02-02,3478.443,9.81,9.81,3470.927
168,000046,2016-02-03,3484.718,10.02,10.039,3473.946
169,000046,2016-02-04,3552.808,10.109,10.189,3538.362
170,000046,2016-02-05,3553.152,9.96,10.279,3506.612
171,000046,2016-02-15,3521.656,9.449,9.489,3503.968
172,000046,2016-02-16,3640.402,9.84,9.84,3635.4
173,000046,2016-02-17,3681.03,10.01,10.069,3678.296
174,000046,2016-02-18,3715.164,10.0,10.22,3671.639
175,000046,2016-02-19,3693.686,10.0,9.989,3675.952
176,000046,2016-02-22,3760.771,10.18,10.18,3753.619
177,000046,2016-02-23,3756.939,10.42,10.52,3725.041
178,000046,2016-02-24,3771.977,10.329,10.539,3771.876
179,000046,2016-02-25,3763.425,9.68,10.579,3491.773
180,000046,2016-02-26,3543.077,9.8,9.909,3519.591
181,000046,2016-02-29,3504.396,9.449,10.0,3366.635
182,000046,2016-03-01,3451.966,9.649,9.68,3433.423
183,000046,2016-03-02,3608.767,10.069,10.199,3603.557
184,000046,2016-03-03,3661.242,10.8,11.22,3622.77
185,000046,2016-03-04,3639.417,10.739,10.76,3574.51
186,000046,2016-03-07,3652.883,3594.792,3607.614,3639.021
187,000046,2016-03-08,3639.253,3507.283,3638.369,3639.253
188,000046,2016-03-09,3582.247,3517.417,3554.782,3554.75
189,000046,2016-03-10,3570.861,3485.577,3550.139,3486.6
190,000046,2016-03-11,3504.292,3442.672,3461.33,3484.011
191,000046,2016-03-14,3616.545,3516.62,3517.267,3581.3
192,000046,2016-03-15,3581.099,11.0,11.3,3570.596
193,000046,2016-03-16,3587.739,10.72,11.149,3551.001
194,000046,2016-03-17,3645.75,10.659,10.699,3632.738
195,000046,2016-03-18,3746.277,10.899,10.899,3727.072
196,000046,2016-03-21,3824.135,11.109,11.279,3821.842
197,000046,2016-03-22,3832.162,11.18,11.55,3802.94
198,000046,2016-03-23,3819.402,11.02,11.22,3818.849
199,000046,2016-03-24,3810.891,10.71,11.109,3752.513
200,000046,2016-03-25,3783.337,10.55,10.779,3780.364
201,000046,2016-03-28,3826.344,10.609,10.789,3755.301
202,000046,2016-03-29,3758.24,10.55,10.67,3700.378
203,000046,2016-03-30,3812.304,10.649,10.649,3811.62
204,000046,2016-03-31,3852.034,10.789,10.92,3819.771
205,000046,2016-04-01,3824.811,10.6,10.72,3819.191
206,000046,2016-04-05,3905.091,10.71,10.729,3900.248
207,000046,2016-04-06,3913.726,10.789,10.899,3904.157
208,000046,2016-04-07,3917.564,10.659,10.97,3841.388
209,000046,2016-04-08,3825.185,10.39,10.59,3811.389
210,000046,2016-04-11,3901.26,10.609,10.689,3881.958
211,000046,2016-04-12,3884.988,10.409,10.63,3860.783
212,000046,2016-04-13,3960.604,10.489,10.489,3916.098
213,000046,2016-04-14,3943.855,10.579,10.68,3943.267
214,000046,2016-04-15,3952.178,10.579,10.68,3935.146
215,000046,2016-04-18,3912.552,10.329,10.529,3867.477
216,000046,2016-04-19,3896.313,10.35,10.409,3883.406
217,000046,2016-04-20,3902.691,9.779,10.489,3752.048
218,000046,2016-04-21,3777.473,9.899,9.989,3718.097
219,000046,2016-04-22,3727.535,9.84,9.89,3726.628
220,000046,2016-04-25,3716.378,9.829,9.979,3703.422
221,000046,2016-04-26,3736.863,9.939,9.899,3736.258
222,000046,2016-04-27,3753.343,10.0,10.1,3717.028
223,000046,2016-04-28,3723.847,9.739,10.0,3703.914
224,000046,2016-04-29,3718.291,9.779,9.8,3700.037
225,000046,2016-05-03,3795.624,9.859,9.859,3795.292
226,000046,2016-05-04,3821.392,10.01,10.079,3800.935
227,000046,2016-05-05,3817.924,10.0,10.069,3814.307
228,000046,2016-05-06,3825.287,9.789,10.05,3683.48
229,000046,2016-05-09,3657.029,9.6,9.71,3564.509
230,000046,2016-05-10,3585.187,9.609,9.72,3567.636
231,000046,2016-05-11,3610.521,9.67,9.8,3576.627
232,000046,2016-05-12,3579.412,9.6,9.68,3578.304
233,000046,2016-05-13,3601.966,9.93,9.979,3562.579
234,000046,2016-05-16,3603.99,9.779,10.039,3603.241
235,000046,2016-05-17,3619.251,9.76,9.909,3588.417
236,000046,2016-05-18,3565.302,9.6,9.72,3521.406
237,000046,2016-05-19,3564.523,9.72,9.88,3524.755
238,000046,2016-05-20,3556.764,9.63,9.63,3556.454
239,000046,2016-05-23,3588.687,9.729,9.739,3587.971
240,000046,2016-05-24,3580.688,9.63,9.76,3553.873
241,000046,2016-05-25,3585.537,9.699,9.84,3534.661
242,000046,2016-05-26,3547.824,9.6,9.739,3541.644
243,000046,2016-05-27,3556.824,9.619,9.64,3537.516
244,000046,2016-05-30,3544.05,9.609,9.659,3519.732
245,000046,2016-05-31,3656.497,9.729,9.76,3656.497
246,000046,2016-06-01,3680.919,9.899,10.05,3660.638
247,000046,2016-06-02,3682.324,9.819,9.89,3681.859
248,000046,2016-06-03,3710.77,9.85,9.88,3695.025
249,000046,2016-06-06,3715.081,9.869,10.13,3698.554
250,000046,2016-06-07,3699.403,9.8,9.88,3694.566
141,000060,2016-01-04,3563.934,12.63,14.01,3337.421
142,000060,2016-01-05,3379.257,11.479,11.899,3345.485
143,000060,2016-01-06,3414.092,12.149,12.25,3413.463
144,000060,2016-01-07,3363.713,11.77,12.739,3194.591
145,000060,2016-01-08,3309.254,11.46,12.17,3262.973
146,000060,2016-01-11,3244.406,11.409,12.3,3105.881
147,000060,2016-01-12,3139.77,11.01,11.649,3114.094
148,000060,2016-01-13,3155.317,10.659,11.329,3056.855
149,000060,2016-01-14,3113.733,10.05,10.279,3106.338
150,000060,2016-01-15,3100.434,10.0,11.039,3002.349
151,000060,2016-01-18,3039.898,10.0,9.869,3006.357
152,000060,2016-01-19,3096.287,10.119,10.149,3093.527
153,000060,2016-01-20,3094.591,10.38,10.5,3051.446
154,000060,2016-01-21,3074.304,10.01,10.1,2966.556
155,000060,2016-01-22,3014.412,10.0,10.25,2997.818
156,000060,2016-01-25,3028.013,10.35,10.5,3013.601
157,000060,2016-01-26,2989.435,9.55,10.409,2835.128
158,000060,2016-01-27,2855.541,8.899,9.72,2819.003
159,000060,2016-01-28,2823.371,8.539,9.27,2739.096
160,000060,2016-01-29,2840.01,8.6,8.63,2821.279
161,000060,2016-02-01,2819.114,8.729,9.069,2769.517
162,000060,2016-02-02,2831.274,9.02,9.02,2822.904
163,000060,2016-02-03,2813.73,9.1,9.119,2808.417
164,000060,2016-02-04,2856.617,10.0,9.68,2846.567
165,000060,2016-02-05,2857.518,10.26,10.75,2834.973
166,000060,2016-02-15,2835.191,10.1,10.149,2821.365
167,000060,2016-02-16,2907.65,2832.858,2832.924,2903.803
168,000060,2016-02-17,2931.273,10.6,10.899,2930.353
169,000060,2016-02-18,2955.962,10.6,10.899,2926.01
170,000060,2016-02-19,2931.072,10.47,10.739,2918.233
171,000060,2016-02-22,2994.296,10.85,10.899,2983.721
172,000060,2016-02-23,2982.094,11.1,11.189,2957.048
173,000060,2016-02-24,2986.257,11.18,11.18,2985.914
174,000060,2016-02-25,2980.654,10.729,11.6,2808.157
175,000060,2016-02-26,2855.017,10.539,11.0,2838.934
176,000060,2016-02-29,2831.12,10.319,11.119,2782.391
177,000060,2016-03-01,2836.613,11.35,11.52,2823.474
178,000060,2016-03-02,2942.032,11.829,12.0,2938.644
179,000060,2016-03-03,2966.912,12.649,13.25,2952.89
180,000060,2016-03-04,3001.173,12.399,13.14,2994.2
181,000060,2016-03-07,3027.242,12.51,13.09,3005.936
182,000060,2016-03-08,3012.642,12.149,13.17,3010.906
183,000060,2016-03-09,2975.423,11.26,11.699,2974.993
184,000060,2016-03-10,2971.747,10.909,11.39,2910.851
185,000060,2016-03-11,2916.416,10.67,10.75,2914.631
186,000060,2016-03-14,2991.964,10.85,10.85,2952.825
187,000060,2016-03-15,2967.905,10.579,10.989,2965.454
188,000060,2016-03-16,2996.208,10.439,10.659,2991.098
189,000060,2016-03-17,3031.131,10.699,10.779,3007.37
190,000060,2016-03-18,3064.408,11.149,11.25,3042.114
191,000060,2016-03-21,3113.701,11.35,11.5,3095.48
192,000060,2016-03-22,3095.354,11.56,11.789,3075.351
193,000060,2016-03-23,3089.47,11.64,11.75,3078.886
194,000060,2016-03-24,3062.072,11.199,11.529,3030.818
195,000060,2016-03-25,3050.913,10.76,11.14,3048.231
196,000060,2016-03-28,3075.853,10.88,10.989,3020.147
197,000060,2016-03-29,3026.574,10.819,11.02,2989.725
198,000060,2016-03-30,3066.955,11.149,11.149,3066.702
199,000060,2016-03-31,3086.968,11.079,11.35,3070.328
200,000060,2016-04-01,3086.671,11.109,11.109,3086.603
201,000060,2016-04-05,3125.231,11.34,11.539,3119.96
202,000060,2016-04-06,3118.431,11.289,11.529,3108.757
203,000060,2016-04-07,3119.424,11.1,11.479,3068.838
204,000060,2016-04-08,3060.195,10.529,10.899,3050.493
205,000060,2016-04-11,3110.092,10.859,10.859,3093.146
206,000060,2016-04-12,3094.568,10.699,10.97,3083.861
207,000060,2016-04-13,3157.961,11.5,11.5,3125.232
208,000060,2016-04-14,3148.474,11.739,11.96,3137.458
209,000060,2016-04-15,3147.486,11.63,11.81,3136.799
210,000060,2016-04-18,3118.479,11.42,11.819,3098.557
211,000060,2016-04-19,3119.383,11.409,11.689,3108.245
212,000060,2016-04-20,3121.103,10.75,11.899,3057.235
213,000060,2016-04-21,3080.373,11.039,11.06,3045.904
214,000060,2016-04-22,3056.198,10.71,10.8,3053.414
215,000060,2016-04-25,3050.145,10.56,10.8,3042.701
216,000060,2016-04-26,3059.176,10.67,10.779,3056.024
217,000060,2016-04-27,3063.9,10.659,10.88,3041.944
218,000060,2016-04-28,3050.499,10.199,10.699,3037.395
219,000060,2016-04-29,3044.805,10.369,10.449,3030.269
220,000060,2016-05-03,3080.655,10.47,10.59,3075.53
221,000060,2016-05-04,3084.869,10.63,10.68,3074.08
222,000060,2016-05-05,3080.334,10.52,10.67,3077.294
223,000060,2016-05-06,3080.272,10.3,10.75,2998.489
224,000060,2016-05-09,2986.92,9.5,10.199,2932.322
225,000060,2016-05-10,2950.309,9.3,9.52,2936.182
226,000060,2016-05-11,2966.065,9.319,9.64,2948.503
227,000060,2016-05-12,2958.165,9.159,9.329,2954.621
228,000060,2016-05-13,2964.559,9.34,9.35,2943.873
229,000060,2016-05-16,2961.374,9.229,9.399,2961.117
230,000060,2016-05-17,2963.498,9.55,9.72,2948.207
231,000060,2016-05-18,2935.247,9.189,9.5,2927.59
232,000060,2016-05-19,2943.083,9.22,9.22,2922.367
233,000060,2016-05-20,2936.618,9.17,9.21,2936.268
234,000060,2016-05-23,2952.652,9.409,9.46,2943.617
235,000060,2016-05-24,2940.34,9.3,9.449,2920.156
236,000060,2016-05-25,2941.84,9.35,9.409,2919.286
237,000060,2016-05-26,2932.34,9.22,9.369,2924.54
238,000060,2016-05-27,2933.223,9.43,9.5,2923.722
239,000060,2016-05-30,2935.867,9.35,9.38,2929.388
240,000060,2016-05-31,3015.389,9.42,9.42,3014.894
241,000060,2016-06-01,3020.511,9.76,9.8,3004.33
242,000060,2016-06-02,3012.169,10.14,10.14,3007.64
243,000060,2016-06-03,3026.129,10.02,10.22,3021.643
244,000060,2016-06-06,3026.454,10.14,10.409,3011.568
245,000060,2016-06-07,3015.483,10.399,10.399,3011.158
146,000061,2016-01-04,140.321,15.92,17.7,140.239
147,000061,2016-01-05,140.267,14.819,15.0,140.267
148,000061,2016-01-06,140.287,15.3,15.479,140.161
149,000061,2016-01-07,140.231,14.18,15.399,140.195
150,000061,2016-01-08,140.233,13.22,14.539,140.233
151,000061,2016-01-11,140.352,13.199,13.77,140.19
152,000061,2016-01-12,140.328,13.35,13.35,140.298
153,000061,2016-01-13,140.451,13.76,14.159,140.369
154,000061,2016-01-14,140.671,13.26,13.3,140.654
155,000061,2016-01-15,140.784,13.829,14.489,140.64
156,000061,2016-01-18,140.778,13.56,13.689,140.645
157,000061,2016-01-19,140.701,13.949,14.01,140.701
158,000061,2016-01-20,140.757,13.819,14.43,140.705
159,000061,2016-01-21,140.794,13.5,13.76,140.771
160,000061,2016-01-22,140.83,13.3,13.529,140.782
161,000061,2016-01-25,140.817,13.619,13.789,140.7
162,000061,2016-01-26,140.726,12.819,13.699,140.627
163,000061,2016-01-27,140.658,12.75,13.199,140.57
164,000061,2016-01-28,140.626,13.699,13.84,140.55
165,000061,2016-01-29,140.697,13.68,13.899,140.637
166,000061,2016-02-01,140.688,14.05,14.1,140.578
167,000061,2016-02-02,140.61,14.399,14.5,140.61
168,000061,2016-02-03,140.631,14.609,14.75,140.573
169,000061,2016-02-04,140.645,14.93,15.159,140.631
170,000061,2016-02-05,140.664,14.8,15.18,140.64
171,000061,2016-02-15,140.795,13.67,13.67,140.687
172,000061,2016-02-16,140.989,14.25,14.3,140.754
173,000061,2016-02-17,140.834,14.38,14.649,140.817
174,000061,2016-02-18,140.829,14.539,14.71,140.794
175,000061,2016-02-19,140.83,14.25,14.529,140.798
176,000061,2016-02-22,140.966,14.409,14.649,140.966
177,000061,2016-02-23,141.013,14.06,14.89,140.945
178,000061,2016-02-24,141.029,14.039,14.34,141.023
179,000061,2016-02-25,141.032,12.859,14.229,140.957
180,000061,2016-02-26,141.052,12.77,12.96,141.016
181,000061,2016-02-29,141.029,11.72,13.0,140.926
182,000061,2016-03-01,141.016,11.96,12.3,141.002
183,000061,2016-03-02,141.198,12.22,12.409,141.092
184,000061,2016-03-03,141.199,12.859,12.949,141.199
185,000061,2016-03-04,141.25,12.489,13.109,141.247
186,000061,2016-03-07,141.312,12.55,12.6,141.293
187,000061,2016-03-08,141.394,12.039,12.71,141.394
188,000061,2016-03-09,141.556,12.1,12.1,141.413
189,000061,2016-03-10,142.205,12.02,12.159,141.463
190,000061,2016-03-11,141.542,11.88,11.949,141.542
191,000061,2016-03-14,141.632,12.01,12.06,141.63
192,000061,2016-03-15,141.653,11.989,12.21,141.648
193,000061,2016-03-16,141.682,11.859,12.069,141.665
194,000061,2016-03-17,141.711,11.93,12.0,141.683
195,000061,2016-03-18,141.722,12.319,12.489,141.704
196,000061,2016-03-21,141.857,12.779,12.8,141.774
197,000061,2016-03-22,141.802,12.81,12.92,141.783
198,000061,2016-03-23,141.86,12.899,12.939,141.859
199,000061,2016-03-24,141.907,12.68,12.93,141.906
200,000061,2016-03-25,142.064,12.68,12.689,142.054
201,000061,2016-03-28,142.115,12.829,12.829,142.1
202,000061,2016-03-29,142.136,12.64,13.119,142.066
203,000061,2016-03-30,142.148,12.779,12.85,142.094
204,000061,2016-03-31,142.115,13.01,13.01,142.062
205,000061,2016-04-01,142.079,12.84,13.069,142.061
206,000061,2016-04-05,142.122,12.93,13.069,142.08
207,000061,2016-04-06,142.161,13.17,13.279,142.147
208,000061,2016-04-07,142.154,13.029,13.42,142.125
209,000061,2016-04-08,142.153,12.829,13.02,142.119
210,000061,2016-04-11,142.186,13.1,13.1,142.101
211,000061,2016-04-12,142.116,12.92,13.199,141.87
212,000061,2016-04-13,141.977,13.069,13.09,141.718
213,000061,2016-04-14,141.91,13.229,13.289,141.631
214,000061,2016-04-15,141.691,13.149,13.35,141.683
215,000061,2016-04-18,141.86,12.93,13.149,141.818
216,000061,2016-04-19,141.848,12.899,13.079,141.628
217,000061,2016-04-20,141.64,11.96,13.0,141.608
218,000061,2016-04-21,141.623,12.13,12.13,141.417
219,000061,2016-04-22,141.432,12.13,12.13,141.3
220,000061,2016-04-25,141.352,11.949,12.34,141.083
221,000061,2016-04-26,141.302,12.1,12.159,141.25
222,000061,2016-04-27,141.298,12.31,12.329,141.235
223,000061,2016-04-28,141.251,12.06,12.359,141.179
224,000061,2016-04-29,141.379,12.18,12.289,141.287
225,000061,2016-05-03,141.306,12.229,12.25,141.292
226,000061,2016-05-04,141.29,12.5,12.59,141.262
227,000061,2016-05-05,141.325,12.619,12.619,141.249
228,000061,2016-05-06,141.342,12.899,13.31,141.341
229,000061,2016-05-09,141.427,12.81,13.1,141.426
230,000061,2016-05-10,141.481,13.0,13.0,141.439
231,000061,2016-05-11,141.512,13.569,13.569,141.508
232,000061,2016-05-12,141.595,13.25,13.909,141.595
233,000061,2016-05-13,141.617,12.88,13.05,141.517
234,000061,2016-05-16,141.593,13.26,13.289,141.593
235,000061,2016-05-17,141.654,13.1,13.539,141.642
236,000061,2016-05-18,141.718,12.399,12.989,141.65
237,000061,2016-05-19,141.709,12.3,12.55,141.699
238,000061,2016-05-20,141.734,12.13,12.39,141.634
239,000061,2016-05-23,141.756,12.449,12.449,141.705
240,000061,2016-05-24,141.742,12.27,12.56,141.714
241,000061,2016-05-25,142.018,12.3,12.55,141.765
242,000061,2016-05-26,141.782,12.1,12.479,141.751
243,000061,2016-05-27,141.807,12.22,12.3,141.806
244,000061,2016-05-30,141.815,12.189,12.189,141.794
245,000061,2016-05-31,141.813,12.279,12.279,141.629
246,000061,2016-06-01,141.675,12.579,12.68,141.635
247,000061,2016-06-02,141.683,12.51,12.59,141.682
248,000061,2016-06-03,141.758,12.51,12.619,141.758
249,000061,2016-06-06,141.848,12.479,12.609,141.845
250,000061,2016-06-07,141.871,12.5,12.6,141.835
143,000063,2016-01-04,2983.989,16.899,18.579,2813.5
144,000063,2016-01-05,2860.163,16.51,16.51,2834.367
145,000063,2016-01-06,2878.541,17.01,17.18,2874.6
146,000063,2016-01-07,2828.75,15.699,16.899,2710.795
147,000063,2016-01-08,2814.935,15.72,16.409,2767.147
148,000063,2016-01-11,2731.727,15.39,16.079,2633.709
149,000063,2016-01-12,2676.909,15.409,15.699,2646.7
150,000063,2016-01-13,2677.85,15.22,15.699,2621.136
151,000063,2016-01-14,2655.649,14.8,14.85,2649.885
152,000063,2016-01-15,2641.205,14.869,15.539,2575.894
153,000063,2016-01-18,2598.949,14.569,14.6,2570.89
154,000063,2016-01-19,2634.882,15.01,15.09,2626.903
155,000063,2016-01-20,2618.791,15.649,15.85,2583.804
156,000063,2016-01-21,2615.678,15.51,15.59,2525.609
157,000063,2016-01-22,2562.798,15.399,15.76,2549.755
158,000063,2016-01-25,2567.94,15.689,15.989,2557.513
159,000063,2016-01-26,2538.791,14.449,15.649,2418.458
160,000063,2016-01-27,2442.963,13.829,14.579,2416.525
161,000063,2016-01-28,2431.074,13.68,14.3,2376.041
162,000063,2016-01-29,2464.345,13.75,13.989,2449.21
163,000063,2016-02-01,2446.467,14.0,14.3,2405.098
164,000063,2016-02-02,2455.396,14.21,14.22,2444.3
165,000063,2016-02-03,2427.651,14.1,14.35,2423.912
166,000063,2016-02-04,2464.658,14.47,14.47,2453.445
167,000063,2016-02-05,2456.442,14.46,14.6,2442.198
168,000063,2016-02-15,2435.658,13.949,14.0,2422.777
169,000063,2016-02-16,2491.993,14.279,14.35,2487.727
170,000063,2016-02-17,2501.672,14.739,14.88,2498.217
171,000063,2016-02-18,2531.159,14.88,15.22,2494.97
172,000063,2016-02-19,2499.615,14.899,14.909,2487.391
173,000063,2016-02-22,2567.52,15.17,15.42,2552.3
174,000063,2016-02-23,2548.586,14.96,15.409,2519.791
175,000063,2016-02-24,2529.442,15.05,15.14,2528.633
176,000063,2016-02-25,2524.243,13.899,15.39,2398.515
177,000063,2016-02-26,2441.304,14.06,14.279,2428.79
178,000063,2016-02-29,2422.403,13.449,14.18,2414.835
179,000063,2016-03-01,2473.259,13.539,13.8,2450.487
180,000063,2016-03-02,2542.039,14.159,14.18,2539.11
181,000063,2016-03-03,2555.815,14.869,15.01,2548.921
182,000063,2016-03-04,2636.016,14.88,15.199,2627.357
183,000063,2016-03-07,2642.368,2601.252,2627.926,2613.161
184,000063,2016-03-08,2628.51,2529.907,2610.127,2625.871
185,000063,2016-03-09,2619.389,2546.271,2572.154,2618.163
186,000063,2016-03-10,2604.886,2549.799,2590.276,2551.181
187,000063,2016-03-11,2562.033,2522.119,2527.381,2562.033
188,000063,2016-03-14,2622.533,2560.966,2570.869,2573.844
189,000063,2016-03-15,2596.022,2541.523,2572.226,2592.015
190,000063,2016-03-16,2646.116,2574.75,2577.252,2640.823
191,000063,2016-03-17,2668.714,2611.232,2639.749,2637.394
192,000063,2016-03-18,2683.415,2637.865,2648.275,2658.351
193,000063,2016-03-21,2758.634,2679.133,2682.614,2733.693
194,000063,2016-03-22,2738.332,2688.926,2718.016,2696.952
195,000063,2016-03-23,2715.293,2680.741,2693.373,2704.653
196,000063,2016-03-24,2683.109,2646.816,2683.109,2647.164
197,000063,2016-03-25,2671.686,2642.816,2645.886,2660.149
198,000063,2016-03-28,2679.416,2615.245,2662.954,2621.525
199,000063,2016-03-29,2640.259,2601.617,2627.207,2609.577
200,000063,2016-03-30,2679.597,2632.896,2633.23,2675.611
201,000063,2016-03-31,2693.53,2661.88,2684.832,2671.89
202,000063,2016-04-01,2686.248,2630.799,2670.135,2685.813
203,000063,2016-04-05,2709.764,2658.847,2666.26,2702.474
204,000063,2016-04-06,2696.531,2670.226,2685.357,2683.001
205,000063,2016-04-07,2694.469,15.079,15.149,2647.212
206,000063,2016-04-08,2640.533,14.3,14.85,2630.442
207,000063,2016-04-11,2695.164,14.56,14.64,2668.143
208,000063,2016-04-12,2670.538,14.17,14.649,2664.704
209,000063,2016-04-13,2740.296,14.399,14.43,2704.415
210,000063,2016-04-14,2728.489,14.63,14.75,2712.948
211,000063,2016-04-15,2727.989,14.659,14.8,2716.604
212,000063,2016-04-18,2700.47,14.35,14.72,2687.138
213,000063,2016-04-19,2706.125,14.31,14.52,2696.414
214,000063,2016-04-20,2703.831,13.68,14.439,2693.828
215,000063,2016-04-21,2718.166,13.779,13.85,2687.849
216,000063,2016-04-22,2702.714,13.779,13.81,2695.758
217,000063,2016-04-25,2694.924,13.8,13.949,2683.3
218,000063,2016-04-26,2702.137,14.02,14.199,2694.087
219,000063,2016-04-27,2698.302,14.02,14.22,2679.421
220,000063,2016-04-28,2692.057,13.81,14.109,2674.884
221,000063,2016-04-29,2676.411,13.96,14.06,2662.385
222,000063,2016-05-03,2699.539,14.17,14.289,2686.056
223,000063,2016-05-04,2688.667,14.439,14.539,2682.447
224,000063,2016-05-05,2687.929,14.409,14.439,2683.418
225,000063,2016-05-06,2684.565,13.869,14.64,2626.876
226,000063,2016-05-09,2619.016,13.51,13.8,2582.353
227,000063,2016-05-10,2590.148,13.52,13.52,2575.586
228,000063,2016-05-11,2592.797,13.47,13.689,2581.402
229,000063,2016-05-12,2599.391,13.38,13.5,2594.872
230,000063,2016-05-13,2598.319,13.5,13.659,2585.97
231,000063,2016-05-16,2593.773,13.38,13.579,2593.258
232,000063,2016-05-17,2597.386,13.46,13.64,2585.467
233,000063,2016-05-18,2598.883,13.159,13.43,2596.196
234,000063,2016-05-19,2600.036,13.17,13.25,2587.409
235,000063,2016-05-20,2598.131,13.079,13.13,2597.785
236,000063,2016-05-23,2612.257,13.26,13.279,2595.864
237,000063,2016-05-24,2591.703,13.149,13.329,2574.552
238,000063,2016-05-25,2597.469,13.22,13.279,2581.2
239,000063,2016-05-26,2595.626,13.109,13.279,2589.14
240,000063,2016-05-27,2593.833,13.21,13.279,2586.069
241,000063,2016-05-30,2605.487,13.13,13.25,2603.335
242,000063,2016-05-31,2692.97,13.319,13.319,2690.015
243,000063,2016-06-01,2694.63,13.68,13.81,2665.392
244,000063,2016-06-02,2673.457,13.68,13.729,2663.999
245,000063,2016-06-03,2678.248,13.77,13.81,2671.266
246,000063,2016-06-06,2670.297,13.909,13.96,2653.86
247,000063,2016-06-07,2666.766,13.75,13.989,2658.275
139,000069,2016-01-04,4035.322,7.949,8.85,3744.632
140,000069,2016-01-05,3804.783,7.579,7.699,3749.797
141,000069,2016-01-06,3803.82,7.86,7.929,3803.062
142,000069,2016-01-07,3746.347,7.32,7.98,3523.205
143,000069,2016-01-08,3647.435,7.21,7.59,3590.809
144,000069,2016-01-11,3563.767,7.119,7.489,3384.293
145,000069,2016-01-12,3430.579,7.09,7.26,3397.658
146,000069,2016-01-13,3456.923,7.019,7.289,3325.229
147,000069,2016-01-14,3415.096,6.86,6.9,3410.774
148,000069,2016-01-15,3407.616,6.78,7.079,3300.896
149,000069,2016-01-18,3355.713,6.73,6.75,3320.97
150,000069,2016-01-19,3431.072,6.84,6.849,3429.085
151,000069,2016-01-20,3432.638,6.9,7.099,3363.206
152,000069,2016-01-21,3383.174,6.8,6.88,3265.139
153,000069,2016-01-22,3309.489,6.699,6.869,3292.963
154,000069,2016-01-25,3329.807,6.76,6.849,3308.843
155,000069,2016-01-26,3284.489,6.239,6.71,3109.268
156,000069,2016-01-27,3127.43,5.9,6.34,3087.805
157,000069,2016-01-28,3093.441,6.099,6.099,2998.625
158,000069,2016-01-29,3117.076,6.219,6.25,3096.35
159,000069,2016-02-01,3103.635,6.3,6.42,3061.631
160,000069,2016-02-02,3140.431,6.34,6.34,3131.593
161,000069,2016-02-03,3131.589,6.579,6.659,3124.741
162,000069,2016-02-04,3180.091,6.599,6.599,3171.384
163,000069,2016-02-05,3186.183,6.55,6.69,3158.055
164,000069,2016-02-15,3167.041,6.329,6.38,3153.817
165,000069,2016-02-16,3252.949,6.469,6.519,3249.942
166,000069,2016-02-17,3274.029,6.659,6.699,3274.029
167,000069,2016-02-18,3295.558,6.719,6.809,3258.149
168,000069,2016-02-19,3269.852,6.71,6.75,3260.109
169,000069,2016-02-22,3325.778,6.84,6.96,3321.345
170,000069,2016-02-23,3322.928,6.78,7.0,3299.408
171,000069,2016-02-24,3331.074,6.73,6.86,3331.074
172,000069,2016-02-25,3328.083,6.34,6.9,3113.67
173,000069,2016-02-26,3155.268,6.4,6.5,3139.835
174,000069,2016-02-29,3136.554,6.26,6.599,3045.815
175,000069,2016-03-01,3103.455,6.489,6.559,3093.444
176,000069,2016-03-02,3219.105,6.69,6.69,3213.912
177,000069,2016-03-03,3247.748,7.219,7.5,3244.141
178,000069,2016-03-04,3276.508,7.15,7.15,3263.554
179,000069,2016-03-07,3309.035,7.159,7.329,3279.359
180,000069,2016-03-08,3277.493,6.84,7.25,3276.659
181,000069,2016-03-09,3245.707,6.78,6.98,3243.512
182,000069,2016-03-10,3251.19,6.599,6.84,3192.024
183,000069,2016-03-11,3201.789,6.409,6.5,3184.332
184,000069,2016-03-14,3281.158,6.619,6.619,3238.133
185,000069,2016-03-15,3274.715,6.599,6.78,3271.071
186,000069,2016-03-16,3281.24,6.599,6.73,3264.624
187,000069,2016-03-17,3332.115,6.67,6.67,3311.623
188,000069,2016-03-18,3390.633,6.849,6.849,3360.025
189,000069,2016-03-21,3428.902,7.059,7.11,3424.517
190,000069,2016-03-22,3439.681,6.98,7.17,3412.704
191,000069,2016-03-23,3428.666,6.989,7.03,3421.615
192,000069,2016-03-24,3430.941,6.929,7.01,3392.877
193,000069,2016-03-25,3431.448,6.949,6.949,3424.156
194,000069,2016-03-28,3471.813,6.92,7.099,3418.989
195,000069,2016-03-29,3419.439,6.739,6.96,3359.64
196,000069,2016-03-30,3445.859,6.82,6.82,3445.408
197,000069,2016-03-31,3470.752,6.969,6.989,3447.682
198,000069,2016-04-01,3452.076,6.829,7.01,3438.802
199,000069,2016-04-05,3495.094,6.92,6.949,3489.053
200,000069,2016-04-06,3514.633,7.0,7.039,3511.247
201,000069,2016-04-07,3522.049,6.929,7.05,3458.055
202,000069,2016-04-08,3446.447,6.75,6.909,3431.97
203,000069,2016-04-11,3494.652,6.82,6.82,3485.264
204,000069,2016-04-12,3489.074,6.809,6.9,3463.404
205,000069,2016-04-13,3529.701,6.92,6.92,3486.301
206,000069,2016-04-14,3507.254,6.989,7.019,3505.376
207,000069,2016-04-15,3507.758,6.98,7.05,3494.449
208,000069,2016-04-18,3477.027,6.889,7.039,3446.86
209,000069,2016-04-19,3469.132,6.88,6.96,3457.775
210,000069,2016-04-20,3472.558,6.59,6.949,3368.074
211,000069,2016-04-21,3375.565,6.65,6.69,3333.257
212,000069,2016-04-22,3362.778,6.599,6.69,3362.154
213,000069,2016-04-25,3354.968,6.639,6.73,3342.184
214,000069,2016-04-26,3366.135,6.63,6.69,3363.047
215,000069,2016-04-27,3374.877,6.659,6.699,3353.015
216,000069,2016-04-28,3363.374,6.57,6.679,3350.075
217,000069,2016-04-29,3385.604,6.61,6.619,3371.183
218,000069,2016-05-03,3468.045,6.63,6.65,3462.322
219,000069,2016-05-04,3481.061,6.719,6.769,3458.055
220,000069,2016-05-05,3469.378,6.739,6.76,3463.641
221,000069,2016-05-06,3471.568,6.61,6.809,3369.711
222,000069,2016-05-09,3349.706,6.44,6.599,3307.023
223,000069,2016-05-10,3338.729,6.409,6.46,3324.933
224,000069,2016-05-11,3410.69,6.489,6.539,3367.469
225,000069,2016-05-12,3364.682,6.409,6.409,3361.257
226,000069,2016-05-13,3382.904,6.44,6.5,3331.768
227,000069,2016-05-16,3364.837,6.4,6.46,3364.378
228,000069,2016-05-17,3367.386,6.42,6.469,3344.548
229,000069,2016-05-18,3330.956,6.389,6.42,3297.305
230,000069,2016-05-19,3325.759,6.42,6.48,3298.081
231,000069,2016-05-20,3322.997,6.389,6.409,3322.618
232,000069,2016-05-23,3344.896,6.429,6.44,3339.146
233,000069,2016-05-24,3338.679,6.4,6.449,3319.653
234,000069,2016-05-25,3341.591,6.4,6.44,3302.634
235,000069,2016-05-26,3310.76,6.309,6.42,3298.12
236,000069,2016-05-27,3306.255,6.309,6.38,3295.141
237,000069,2016-05-30,3299.435,6.349,6.4,3286.181
238,000069,2016-05-31,3389.247,6.369,6.38,3387.937
239,000069,2016-06-01,3397.582,6.57,6.61,3384.75
240,000069,2016-06-02,3398.537,6.539,6.57,3398.537
241,000069,2016-06-03,3470.456,6.539,6.61,3459.059
242,000069,2016-06-06,3467.936,6.599,6.619,3440.037
243,000069,2016-06-07,3444.096,6.59,6.59,3443.686
146,000100,2016-01-04,4768.848,3.859,4.25,4482.275
147,000100,2016-01-05,4541.225,3.73,3.75,4497.909
148,000100,2016-01-06,4588.646,3.97,4.0,4587.458
149,000100,2016-01-07,4521.731,3.75,4.019,4304.18
150,000100,2016-01-08,4459.25,3.74,3.9,4396.812
151,000100,2016-01-11,4370.479,3.72,3.869,4197.521
152,000100,2016-01-12,4243.801,3.75,3.769,4208.387
153,000100,2016-01-13,4265.444,3.75,3.799,4142.689
154,000100,2016-01-14,4216.142,3.64,3.67,4205.766
155,000100,2016-01-15,4196.369,3.579,3.779,4069.378
156,000100,2016-01-18,4115.417,3.46,3.5,4069.861
157,000100,2016-01-19,4189.627,3.539,3.579,4184.725
158,000100,2016-01-20,4180.496,3.549,3.68,4124.051
159,000100,2016-01-21,4159.951,3.519,3.519,4016.185
160,000100,2016-01-22,4084.153,3.509,3.549,4061.225
161,000100,2016-01-25,4100.184,3.579,3.579,4082.311
162,000100,2016-01-26,4053.542,3.42,3.609,3851.192
163,000100,2016-01-27,3882.62,3.329,3.47,3841.591
164,000100,2016-01-28,3848.124,3.47,3.5,3743.636
165,000100,2016-01-29,3874.767,3.5,3.5,3849.041
166,000100,2016-02-01,3846.462,3.579,3.599,3778.248
167,000100,2016-02-02,3856.303,3.65,3.65,3844.455
168,000100,2016-02-03,3827.366,3.63,3.68,3820.46
169,000100,2016-02-04,3882.11,3.7,3.7,3869.939
170,000100,2016-02-05,3883.968,3.71,3.73,3859.178
171,000100,2016-02-15,3855.379,3.609,3.609,3837.144
172,000100,2016-02-16,3948.52,3.73,3.73,3943.179
173,000100,2016-02-17,3975.742,3.809,3.819,3974.601
174,000100,2016-02-18,4008.439,3.94,4.0,3967.508
175,000100,2016-02-19,3973.263,3.92,3.94,3955.599
176,000100,2016-02-22,4058.404,3.98,4.05,4044.685
177,000100,2016-02-23,4041.807,3.96,4.099,4010.252
178,000100,2016-02-24,4044.897,3.91,4.0,4043.865
179,000100,2016-02-25,4037.666,3.64,3.95,3821.589
180,000100,2016-02-26,3887.257,3.829,3.9,3866.308
181,000100,2016-02-29,3856.962,3.609,3.799,3811.576
182,000100,2016-03-01,3881.418,3.69,3.73,3864.294
183,000100,2016-03-02,4015.868,3.769,3.779,4011.877
184,000100,2016-03-03,4043.743,3.93,3.96,4028.678
185,000100,2016-03-04,4117.291,3.859,3.91,4106.016
186,000100,2016-03-07,4145.616,3.93,3.96,4112.535
187,000100,2016-03-08,4124.633,3.819,3.94,4121.823
188,000100,2016-03-09,4085.055,3.819,3.89,4084.212
189,000100,2016-03-10,4074.712,3.809,3.849,3996.282
190,000100,2016-03-11,4000.752,3.769,3.799,4000.752
191,000100,2016-03-14,4097.142,3.819,3.839,4038.986
192,000100,2016-03-15,4063.428,3.839,3.88,4059.685
193,000100,2016-03-16,4112.799,3.809,3.859,4107.656
194,000100,2016-03-17,4155.0,3.829,3.839,4118.19
195,000100,2016-03-18,4185.773,3.88,3.89,4154.019
196,000100,2016-03-21,4249.974,3.93,3.97,4224.481
197,000100,2016-03-22,4226.741,3.93,3.97,4195.735
198,000100,2016-03-23,4214.156,3.9,3.93,4198.751
199,000100,2016-03-24,4173.914,3.839,3.91,4133.663
200,000100,2016-03-25,4158.719,3.809,3.809,4153.46
201,000100,2016-03-28,4188.249,3.809,3.859,4116.172
202,000100,2016-03-29,4125.435,3.73,3.819,4078.772
203,000100,2016-03-30,4182.005,3.779,3.789,4180.811
204,000100,2016-03-31,4201.764,3.809,3.859,4181.415
205,000100,2016-04-01,4208.913,3.759,3.819,4208.394
206,000100,2016-04-05,4254.435,3.789,3.799,4246.382
207,000100,2016-04-06,4245.147,3.829,3.869,4232.813
208,000100,2016-04-07,4247.034,3.809,3.869,4181.576
209,000100,2016-04-08,4172.08,3.759,3.809,4159.193
210,000100,2016-04-11,4239.175,3.769,3.769,4214.148
211,000100,2016-04-12,4215.399,3.75,3.799,4204.171
212,000100,2016-04-13,4303.059,3.779,3.779,4258.849
213,000100,2016-04-14,4289.45,3.779,3.829,4272.477
214,000100,2016-04-15,4288.584,3.789,3.819,4273.223
215,000100,2016-04-18,4246.903,3.75,3.799,4224.085
216,000100,2016-04-19,4250.466,3.74,3.769,4234.169
217,000100,2016-04-20,4251.199,3.579,3.769,4178.958
218,000100,2016-04-21,4214.465,3.589,3.63,4170.018
219,000100,2016-04-22,4186.469,3.549,3.599,4181.561
220,000100,2016-04-25,4179.814,3.559,3.599,4169.437
221,000100,2016-04-26,4192.288,3.579,3.589,4186.557
222,000100,2016-04-27,4197.139,3.5,3.539,4168.85
223,000100,2016-04-28,4182.457,3.42,3.509,4163.205
224,000100,2016-04-29,4171.502,3.42,3.45,4152.403
225,000100,2016-05-03,4217.556,3.43,3.45,4208.822
226,000100,2016-05-04,4218.858,3.539,3.559,4204.851
227,000100,2016-05-05,4210.569,3.529,3.569,4206.53
228,000100,2016-05-06,4209.197,3.45,3.549,4107.098
229,000100,2016-05-09,4092.802,3.349,3.45,4022.732
230,000100,2016-05-10,4042.762,3.339,3.359,4023.286
231,000100,2016-05-11,4062.688,3.339,3.359,4040.276
232,000100,2016-05-12,4052.008,3.319,3.349,4046.047
233,000100,2016-05-13,4058.015,3.339,3.359,4032.145
234,000100,2016-05-16,4052.637,3.329,3.359,4052.55
235,000100,2016-05-17,4055.455,3.339,3.38,4036.437
236,000100,2016-05-18,4021.228,3.24,3.349,4016.457
237,000100,2016-05-19,4033.637,3.279,3.299,4006.18
238,000100,2016-05-20,4025.927,3.269,3.299,4025.342
239,000100,2016-05-23,4048.319,3.299,3.309,4034.105
240,000100,2016-05-24,4030.375,3.289,3.309,4003.699
241,000100,2016-05-25,4032.751,3.299,3.349,4006.347
242,000100,2016-05-26,4025.233,3.25,3.309,4014.21
243,000100,2016-05-27,4025.253,3.269,3.289,4013.258
244,000100,2016-05-30,4031.768,3.309,3.349,4025.991
245,000100,2016-05-31,4141.709,3.309,3.319,4139.664
246,000100,2016-06-01,4145.23,3.38,3.4,4124.076
247,000100,2016-06-02,4134.309,3.38,3.4,4127.096
248,000100,2016-06-03,4152.263,3.38,3.41,4146.292
249,000100,2016-06-06,4150.42,3.38,3.4,4131.39
250,000100,2016-06-07,4138.443,3.359,3.41,4131.44
146,000156,2016-01-04,33.669,29.52,33.13,29.53
147,000156,2016-01-05,29.29,26.649,26.649,28.2
148,000156,2016-01-06,28.709,27.5,28.54,28.53
149,000156,2016-01-07,27.969,25.68,27.809,25.68
150,000156,2016-01-08,26.5,23.36,26.18,25.459
151,000156,2016-01-11,24.899,22.909,24.899,22.909
152,000156,2016-01-12,23.399,22.0,23.0,23.09
153,000156,2016-01-13,23.409,21.09,23.29,21.479
154,000156,2016-01-14,22.76,20.35,20.5,22.399
155,000156,2016-01-15,22.29,20.489,22.29,20.829
156,000156,2016-01-18,21.579,20.11,20.11,21.229
157,000156,2016-01-19,22.6,21.03,21.03,22.45
158,000156,2016-01-20,22.659,21.84,22.299,22.12
159,000156,2016-01-21,22.51,21.209,21.879,21.219
160,000156,2016-01-22,21.75,20.84,21.52,21.61
161,000156,2016-01-25,22.1,21.569,21.79,21.879
162,000156,2016-01-26,21.59,19.69,21.59,19.69
163,000156,2016-01-27,19.959,18.239,19.75,19.409
164,000156,2016-01-28,19.399,18.159,19.069,18.29
165,000156,2016-01-29,19.45,18.27,18.309,19.2
166,000156,2016-02-01,19.229,18.45,19.229,18.799
167,000156,2016-02-02,19.95,18.799,18.85,19.729
168,000156,2016-02-03,19.86,19.18,19.329,19.7
169,000156,2016-02-04,20.52,19.739,19.739,20.17
170,000156,2016-02-05,20.85,20.04,20.28,20.049
171,000156,2016-02-15,19.94,19.12,19.12,19.729
172,000156,2016-02-16,20.95,19.85,19.85,20.79
173,000156,2016-02-17,21.1,20.379,20.76,20.95
174,000156,2016-02-18,21.34,20.709,21.049,20.94
175,000156,2016-02-19,20.989,20.569,20.899,20.77
176,000156,2016-02-22,21.52,21.01,21.01,21.409
177,000156,2016-02-23,21.579,20.6,21.379,20.959
178,000156,2016-02-24,21.149,20.43,20.899,21.049
179,000156,2016-02-25,21.02,18.95,20.95,18.95
180,000156,2016-02-26,19.139,18.04,18.94,18.5
181,000156,2016-02-29,18.5,16.649,18.5,16.7
182,000156,2016-03-01,17.469,16.45,16.879,17.139
183,000156,2016-03-02,18.19,17.079,17.18,18.139
184,000156,2016-03-03,18.889,18.19,18.37,18.19
185,000156,2016-03-04,18.389,17.239,18.26,17.629
186,000156,2016-03-07,18.67,17.819,17.969,18.29
187,000156,2016-03-08,18.25,17.219,18.25,18.18
188,000156,2016-03-09,17.989,17.5,17.85,17.709
189,000156,2016-03-10,17.979,17.37,17.86,17.409
190,000156,2016-03-11,17.889,17.079,17.2,17.649
191,000156,2016-03-14,18.67,17.92,17.92,18.35
192,000156,2016-03-15,18.489,17.899,18.299,18.02
193,000156,2016-03-16,18.27,17.68,18.27,17.79
194,000156,2016-03-17,18.78,17.84,17.899,18.729
195,000156,2016-03-18,20.489,18.979,18.979,19.93
196,000156,2016-03-21,20.549,20.09,20.149,20.45
197,000156,2016-03-22,21.319,20.049,20.239,20.5
198,000156,2016-03-23,20.84,20.209,20.399,20.709
199,000156,2016-03-24,22.78,20.12,20.399,22.78
200,000156,2016-03-25,24.77,22.5,23.219,22.84
201,000156,2016-03-28,22.989,21.7,22.52,21.75
202,000156,2016-03-29,21.739,20.909,21.6,20.959
203,000156,2016-03-30,21.809,21.0,21.399,21.77
204,000156,2016-03-31,22.479,21.629,21.87,21.75
205,000156,2016-04-01,21.6,20.899,21.6,21.19
206,000156,2016-04-05,22.989,20.979,21.25,22.559
207,000156,2016-04-06,22.5,21.909,22.2,22.19
208,000156,2016-04-07,22.379,21.329,22.329,21.36
209,000156,2016-04-08,21.25,20.899,21.2,21.19
210,000156,2016-04-11,22.11,21.52,21.549,21.68
211,000156,2016-04-12,21.87,21.2,21.52,21.549
212,000156,2016-04-13,22.34,21.61,21.61,21.989
213,000156,2016-04-14,22.239,21.77,22.219,22.159
214,000156,2016-04-15,22.29,21.899,22.209,22.149
215,000156,2016-04-18,22.11,21.409,22.11,21.489
216,000156,2016-04-19,21.76,21.19,21.6,21.35
217,000156,2016-04-20,21.67,19.219,21.489,19.379
218,000156,2016-04-21,19.479,18.879,19.379,19.079
219,000156,2016-04-22,19.35,18.799,18.909,19.309
220,000156,2016-04-25,19.309,18.649,19.309,19.1
221,000156,2016-04-26,19.409,19.059,19.18,19.409
222,000156,2016-04-27,19.879,19.35,19.59,19.43
223,000156,2016-04-28,19.579,18.909,19.54,19.219
224,000156,2016-04-29,19.299,18.94,19.1,19.19
225,000156,2016-05-03,19.85,19.149,19.18,19.84
226,000156,2016-05-04,19.93,19.629,19.829,19.729
227,000156,2016-05-05,20.69,19.629,19.75,20.5
228,000156,2016-05-06,20.68,19.399,20.489,19.399
229,000156,2016-05-09,19.1,18.28,19.1,18.469
230,000156,2016-05-10,18.87,18.34,18.459,18.6
231,000156,2016-05-11,18.799,18.19,18.799,18.19
232,000156,2016-05-12,18.09,17.51,17.969,18.03
233,000156,2016-05-13,18.219,17.659,17.93,17.87
234,000156,2016-05-16,18.12,17.62,17.799,18.09
235,000156,2016-05-17,18.399,17.85,18.129,18.219
236,000156,2016-05-18,18.03,17.319,18.0,17.52
237,000156,2016-05-19,18.17,17.579,17.579,17.75
238,000156,2016-05-20,17.989,17.51,17.52,17.969
239,000156,2016-05-23,18.489,18.079,18.079,18.399
240,000156,2016-05-24,18.35,17.899,18.299,18.069
241,000156,2016-05-25,18.399,17.87,18.139,18.059
242,000156,2016-05-26,18.329,17.629,18.079,18.29
243,000156,2016-05-27,18.35,18.1,18.1,18.2
244,000156,2016-05-30,18.299,17.829,18.09,18.1
245,000156,2016-05-31,19.149,18.12,18.239,19.129
246,000156,2016-06-01,19.19,18.889,19.149,18.95
247,000156,2016-06-02,19.129,18.87,18.899,19.129
248,000156,2016-06-03,19.549,19.079,19.149,19.29
249,000156,2016-06-06,19.399,19.0,19.29,19.12
250,000156,2016-06-07,19.27,18.94,19.25,19.18
145,000157,2016-01-04,5.369,4.949,5.349,4.96
146,000157,2016-01-05,5.07,4.849,4.889,5.059
147,000157,2016-01-06,5.26,5.03,5.05,5.21
148,000157,2016-01-07,5.159,4.8,5.159,4.84
149,000157,2016-01-08,5.13,4.829,5.0,5.039
150,000157,2016-01-11,5.139,4.9,4.989,4.92
151,000157,2016-01-12,4.989,4.829,4.949,4.929
152,000157,2016-01-13,5.0,4.84,4.94,4.849
153,000157,2016-01-14,4.92,4.699,4.73,4.889
154,000157,2016-01-15,4.88,4.599,4.88,4.61
155,000157,2016-01-18,4.659,4.53,4.579,4.61
156,000157,2016-01-19,4.78,4.59,4.61,4.75
157,000157,2016-01-20,4.76,4.639,4.719,4.67
158,000157,2016-01-21,4.719,4.559,4.65,4.57
159,000157,2016-01-22,4.63,4.51,4.599,4.579
160,000157,2016-01-25,4.639,4.57,4.599,4.619
161,000157,2016-01-26,4.59,4.23,4.59,4.239
162,000157,2016-01-27,4.289,4.289,4.289,4.289
163,000157,2016-01-28,4.659,4.26,4.4,4.3
164,000157,2016-01-29,4.389,4.07,4.219,4.34
165,000157,2016-02-01,4.32,4.139,4.3,4.179
166,000157,2016-02-02,4.289,4.199,4.199,4.26
167,000157,2016-02-03,4.25,4.159,4.19,4.239
168,000157,2016-02-04,4.349,4.23,4.23,4.28
169,000157,2016-02-05,4.369,4.269,4.289,4.3
170,000157,2016-02-15,4.239,4.139,4.19,4.21
171,000157,2016-02-16,4.389,4.219,4.23,4.36
172,000157,2016-02-17,4.429,4.349,4.389,4.409
173,000157,2016-02-18,4.76,4.5,4.5,4.539
174,000157,2016-02-19,4.519,4.449,4.5,4.489
175,000157,2016-02-22,4.639,4.51,4.53,4.579
176,000157,2016-02-23,4.61,4.46,4.57,4.5
177,000157,2016-02-24,4.55,4.46,4.489,4.53
178,000157,2016-02-25,4.53,4.13,4.53,4.199
179,000157,2016-02-26,4.26,4.15,4.239,4.219
180,000157,2016-02-29,4.21,4.019,4.21,4.09
181,000157,2016-03-01,4.179,4.079,4.13,4.159
182,000157,2016-03-02,4.42,4.15,4.159,4.389
183,000157,2016-03-03,4.51,4.369,4.369,4.4
184,000157,2016-03-04,4.67,4.38,4.389,4.48
185,000157,2016-03-07,4.63,4.48,4.519,4.519
186,000157,2016-03-08,4.53,4.369,4.519,4.48
187,000157,2016-03-09,4.42,4.369,4.409,4.389
188,000157,2016-03-10,4.44,4.36,4.42,4.369
189,000157,2016-03-11,4.38,4.3,4.349,4.369
190,000157,2016-03-14,4.539,4.429,4.44,4.48
191,000157,2016-03-15,4.539,4.449,4.489,4.489
192,000157,2016-03-16,4.53,4.4,4.53,4.429
193,000157,2016-03-17,4.53,4.429,4.429,4.51
194,000157,2016-03-18,4.599,4.51,4.519,4.57
195,000157,2016-03-21,4.739,4.57,4.619,4.679
196,000157,2016-03-22,4.65,4.579,4.639,4.59
197,000157,2016-03-23,4.659,4.579,4.579,4.61
198,000157,2016-03-24,4.579,4.469,4.579,4.48
199,000157,2016-03-25,4.519,4.48,4.48,4.519
200,000157,2016-03-28,4.559,4.469,4.539,4.5
201,000157,2016-03-29,4.51,4.409,4.5,4.429
202,000157,2016-03-30,4.599,4.46,4.46,4.599
203,000157,2016-03-31,4.63,4.57,4.599,4.59
204,000157,2016-04-01,4.619,4.519,4.57,4.619
205,000157,2016-04-05,4.679,4.539,4.61,4.67
206,000157,2016-04-06,4.67,4.61,4.65,4.639
207,000157,2016-04-07,4.67,4.559,4.659,4.559
208,000157,2016-04-08,4.559,4.48,4.55,4.53
209,000157,2016-04-11,4.739,4.559,4.559,4.679
210,000157,2016-04-12,4.719,4.619,4.679,4.65
211,000157,2016-04-13,4.92,4.67,4.67,4.769
212,000157,2016-04-14,4.809,4.73,4.78,4.8
213,000157,2016-04-15,4.8,4.69,4.769,4.719
214,000157,2016-04-18,4.67,4.55,4.67,4.579
215,000157,2016-04-19,4.61,4.539,4.599,4.59
216,000157,2016-04-20,4.61,4.34,4.599,4.429
217,000157,2016-04-21,4.469,4.369,4.4,4.4
218,000157,2016-04-22,4.42,4.369,4.389,4.409
219,000157,2016-04-25,4.4,4.34,4.4,4.38
220,000157,2016-04-26,4.42,4.36,4.38,4.4
221,000157,2016-04-27,4.42,4.36,4.4,4.369
222,000157,2016-04-28,4.389,4.269,4.369,4.329
223,000157,2016-04-29,4.34,4.26,4.32,4.28
224,000157,2016-05-03,4.369,4.26,4.28,4.36
225,000157,2016-05-04,4.38,4.32,4.34,4.36
226,000157,2016-05-05,4.369,4.32,4.349,4.349
227,000157,2016-05-06,4.36,4.25,4.349,4.26
228,000157,2016-05-09,4.25,4.099,4.25,4.119
229,000157,2016-05-10,4.15,4.07,4.119,4.119
230,000157,2016-05-11,4.159,4.099,4.13,4.119
231,000157,2016-05-12,4.119,4.039,4.07,4.11
232,000157,2016-05-13,4.179,4.079,4.099,4.119
233,000157,2016-05-16,4.139,4.07,4.11,4.13
234,000157,2016-05-17,4.15,4.079,4.139,4.11
235,000157,2016-05-18,4.099,4.03,4.099,4.059
236,000157,2016-05-19,4.09,4.039,4.059,4.05
237,000157,2016-05-20,4.07,4.01,4.039,4.059
238,000157,2016-05-23,4.09,4.059,4.07,4.079
239,000157,2016-05-24,4.09,4.05,4.079,4.059
240,000157,2016-05-25,4.119,4.059,4.059,4.07
241,000157,2016-05-26,4.09,4.03,4.07,4.09
242,000157,2016-05-27,4.09,4.039,4.079,4.059
243,000157,2016-05-30,4.059,4.019,4.039,4.03
244,000157,2016-05-31,4.159,4.039,4.039,4.159
245,000157,2016-06-01,4.159,4.13,4.15,4.139
246,000157,2016-06-02,4.15,4.119,4.13,4.13
247,000157,2016-06-03,4.15,4.11,4.139,4.139
248,000157,2016-06-06,4.15,4.11,4.139,4.13
249,000157,2016-06-07,4.139,4.11,4.13,4.119
146,000333,2016-01-04,33.159,29.54,32.819,29.719
147,000333,2016-01-05,31.469,29.53,29.719,31.329
148,000333,2016-01-06,31.94,30.94,31.28,31.59
149,000333,2016-01-07,30.979,28.899,30.899,29.04
150,000333,2016-01-08,30.5,28.76,30.209,29.809
151,000333,2016-01-11,29.51,28.2,29.0,28.399
152,000333,2016-01-12,29.129,28.18,28.62,28.809
153,000333,2016-01-13,29.92,28.559,29.059,28.989
154,000333,2016-01-14,29.78,28.02,28.02,29.6
155,000333,2016-01-15,29.819,28.1,29.6,28.389
156,000333,2016-01-18,28.52,27.399,27.989,27.799
157,000333,2016-01-19,29.18,27.659,27.819,28.819
158,000333,2016-01-20,28.979,27.659,28.7,28.03
159,000333,2016-01-21,28.219,27.02,27.629,27.03
160,000333,2016-01-22,27.43,26.5,27.389,27.079
161,000333,2016-01-25,27.489,27.069,27.219,27.2
162,000333,2016-01-26,27.229,25.78,27.04,25.85
163,000333,2016-01-27,26.399,25.209,26.0,26.229
164,000333,2016-01-28,26.969,25.879,26.03,26.51
165,000333,2016-01-29,27.489,26.26,26.35,27.309
166,000333,2016-02-01,27.559,27.11,27.319,27.35
167,000333,2016-02-02,27.979,27.35,27.35,27.61
168,000333,2016-02-03,27.569,26.819,27.479,27.17
169,000333,2016-02-04,27.649,27.12,27.219,27.29
170,000333,2016-02-05,27.68,27.27,27.399,27.42
171,000333,2016-02-15,27.27,26.719,26.95,26.959
172,000333,2016-02-16,27.75,27.1,27.329,27.739
173,000333,2016-02-17,28.209,27.61,27.659,27.95
174,000333,2016-02-18,28.29,27.78,28.129,27.86
175,000333,2016-02-19,27.93,27.5,27.809,27.6
176,000333,2016-02-22,28.149,27.54,27.989,28.04
177,000333,2016-02-23,28.069,27.719,28.069,27.87
178,000333,2016-02-24,27.959,27.319,27.799,27.84
179,000333,2016-02-25,27.829,26.01,27.719,26.469
180,000333,2016-02-26,26.899,26.459,26.59,26.84
181,000333,2016-02-29,26.78,25.719,26.78,26.069
182,000333,2016-03-01,26.969,26.09,26.149,26.959
183,000333,2016-03-02,29.18,27.149,27.19,29.18
184,000333,2016-03-03,29.299,28.51,29.149,28.6
185,000333,2016-03-04,29.75,28.559,28.78,29.12
186,000333,2016-03-07,29.92,28.85,29.2,29.229
187,000333,2016-03-08,29.29,28.28,29.25,28.85
188,000333,2016-03-09,29.34,28.42,28.549,28.78
189,000333,2016-03-10,29.629,28.7,28.75,29.03
190,000333,2016-03-11,29.379,28.719,28.84,29.0
191,000333,2016-03-14,30.149,29.34,29.34,29.549
192,000333,2016-03-15,29.79,29.01,29.78,29.639
193,000333,2016-03-16,29.61,29.1,29.61,29.26
194,000333,2016-03-17,29.989,29.43,29.51,29.85
195,000333,2016-03-18,30.45,29.739,30.129,30.04
196,000333,2016-03-21,30.549,30.03,30.149,30.379
197,000333,2016-03-22,30.95,30.29,30.45,30.54
198,000333,2016-03-23,30.559,29.979,30.29,30.28
199,000333,2016-03-24,31.239,29.78,30.03,30.87
200,000333,2016-03-25,31.659,30.6,30.6,31.399
201,000333,2016-03-28,32.259,30.51,32.009,30.6
202,000333,2016-03-29,30.75,29.819,30.75,29.989
203,000333,2016-03-30,30.549,29.989,30.159,30.53
204,000333,2016-03-31,31.329,30.68,30.68,30.85
205,000333,2016-04-01,31.0,30.2,31.0,30.59
206,000333,2016-04-05,30.94,30.26,30.26,30.79
207,000333,2016-04-06,30.969,30.59,30.7,30.75
208,000333,2016-04-07,30.93,30.059,30.809,30.1
209,000333,2016-04-08,30.27,29.84,30.0,30.02
210,000333,2016-04-11,30.54,30.209,30.229,30.399
211,000333,2016-04-12,30.53,30.2,30.399,30.459
212,000333,2016-04-13,31.069,30.549,30.6,30.68
213,000333,2016-04-14,31.069,30.7,30.79,30.92
214,000333,2016-04-15,31.1,30.799,30.95,30.959
215,000333,2016-04-18,30.959,30.45,30.959,30.62
216,000333,2016-04-19,30.85,30.409,30.709,30.78
217,000333,2016-04-20,30.78,29.51,30.78,29.879
218,000333,2016-04-21,30.069,29.649,29.799,29.739
219,000333,2016-04-22,30.93,29.579,29.6,30.799
220,000333,2016-04-25,31.549,30.7,30.799,31.2
221,000333,2016-04-26,31.68,31.1,31.229,31.379
222,000333,2016-04-27,31.469,30.92,31.28,30.979
223,000333,2016-04-28,31.489,30.54,31.12,30.78
224,000333,2016-04-29,32.259,31.02,31.02,32.099
225,000333,2016-05-03,34.08,32.2,32.209,33.84
226,000333,2016-05-04,33.79,32.799,33.299,32.959
227,000333,2016-05-05,33.229,32.86,33.069,32.99
228,000333,2016-05-06,21.129,20.35,20.969,20.35
229,000333,2016-05-09,20.7,20.0,20.079,20.35
230,000333,2016-05-10,21.579,20.159,20.399,21.079
231,000333,2016-05-11,22.209,21.149,21.159,21.959
232,000333,2016-05-12,22.54,21.319,21.6,21.899
233,000333,2016-05-13,22.219,21.43,21.809,21.51
234,000333,2016-05-16,22.0,21.51,21.51,21.799
235,000333,2016-05-17,21.799,21.299,21.649,21.35
236,000333,2016-06-01,23.44,22.45,23.1,22.86
237,000333,2016-06-02,22.87,22.379,22.709,22.559
238,000333,2016-06-03,23.219,22.459,22.559,23.079
239,000333,2016-06-06,24.03,23.01,23.1,23.729
240,000333,2016-06-07,23.809,23.0,23.729,23.129
146,000338,2016-01-04,9.729,8.93,9.67,8.989
147,000338,2016-01-05,9.149,8.55,8.55,8.88
148,000338,2016-01-06,9.239,8.88,8.96,9.199
149,000338,2016-01-07,9.069,8.35,9.069,8.39
150,000338,2016-01-08,8.789,8.319,8.689,8.649
151,000338,2016-01-11,8.819,8.329,8.539,8.329
152,000338,2016-01-12,8.489,8.25,8.399,8.399
153,000338,2016-01-13,8.529,8.26,8.46,8.279
154,000338,2016-01-14,8.399,8.05,8.09,8.369
155,000338,2016-01-15,8.369,8.06,8.319,8.109
156,000338,2016-01-18,8.17,7.94,7.949,8.079
157,000338,2016-01-19,8.35,8.06,8.09,8.31
158,000338,2016-01-20,8.31,8.119,8.289,8.17
159,000338,2016-01-21,8.229,7.929,8.1,7.929
160,000338,2016-01-22,8.069,7.9,7.989,8.029
161,000338,2016-01-25,8.14,8.039,8.079,8.119
162,000338,2016-01-26,8.21,7.51,8.06,7.86
163,000338,2016-01-27,7.9,7.429,7.86,7.659
164,000338,2016-01-28,7.71,7.059,7.639,7.099
165,000338,2016-01-29,7.28,7.019,7.099,7.23
166,000338,2016-02-01,7.199,7.0,7.17,7.09
167,000338,2016-02-02,7.26,7.09,7.099,7.21
168,000338,2016-02-03,7.19,7.05,7.13,7.15
169,000338,2016-02-04,7.26,7.15,7.17,7.239
170,000338,2016-02-05,7.28,7.17,7.26,7.179
171,000338,2016-02-15,7.13,6.96,7.0,7.09
172,000338,2016-02-16,7.38,7.159,7.159,7.369
173,000338,2016-02-17,7.46,7.309,7.369,7.449
174,000338,2016-02-18,7.55,7.429,7.5,7.429
175,000338,2016-02-19,7.51,7.409,7.46,7.469
176,000338,2016-02-22,7.67,7.489,7.539,7.65
177,000338,2016-02-23,8.22,7.51,7.65,8.0
178,000338,2016-02-24,7.949,7.73,7.86,7.9
179,000338,2016-02-25,7.88,7.159,7.849,7.19
180,000338,2016-02-26,7.389,7.19,7.23,7.32
181,000338,2016-02-29,7.3,6.969,7.28,7.119
182,000338,2016-03-01,7.34,7.11,7.179,7.3
183,000338,2016-03-02,7.639,7.309,7.309,7.61
184,000338,2016-03-03,7.769,7.559,7.65,7.69
185,000338,2016-03-04,8.399,7.949,7.949,8.069
186,000338,2016-03-07,8.369,7.92,8.119,8.069
187,000338,2016-03-08,8.029,7.76,8.029,8.01
188,000338,2016-03-09,7.889,7.71,7.88,7.809
189,000338,2016-03-10,7.929,7.739,7.82,7.76
190,000338,2016-03-11,7.789,7.659,7.75,7.739
191,000338,2016-03-14,8.039,7.789,7.84,8.01
192,000338,2016-03-15,8.05,7.869,7.94,7.909
193,000338,2016-03-16,7.949,7.809,7.92,7.829
194,000338,2016-03-17,8.029,7.84,7.88,7.969
195,000338,2016-03-18,8.149,7.949,7.98,8.119
196,000338,2016-03-21,8.329,8.14,8.18,8.26
197,000338,2016-03-22,8.42,8.189,8.22,8.27
198,000338,2016-03-23,8.27,8.149,8.21,8.22
199,000338,2016-03-24,8.18,7.98,8.18,8.0
200,000338,2016-03-25,8.05,7.96,7.989,8.05
201,000338,2016-03-28,8.13,7.929,8.079,7.96
202,000338,2016-03-29,7.989,7.88,7.949,7.909
203,000338,2016-03-30,8.14,7.929,7.929,8.14
204,000338,2016-03-31,8.189,8.029,8.159,8.079
205,000338,2016-04-01,8.13,8.0,8.079,8.13
206,000338,2016-04-05,8.319,8.149,8.149,8.289
207,000338,2016-04-06,8.319,8.22,8.229,8.27
208,000338,2016-04-07,8.369,8.119,8.289,8.159
209,000338,2016-04-08,8.119,7.98,8.119,8.029
210,000338,2016-04-11,8.279,8.079,8.09,8.21
211,000338,2016-04-12,8.35,8.22,8.229,8.319
212,000338,2016-04-13,8.729,8.449,8.449,8.6
213,000338,2016-04-14,8.85,8.6,8.71,8.689
214,000338,2016-04-15,8.819,8.609,8.699,8.64
215,000338,2016-04-18,8.64,8.409,8.64,8.439
216,000338,2016-04-19,8.579,8.399,8.5,8.569
217,000338,2016-04-20,8.6,8.13,8.579,8.319
218,000338,2016-04-21,8.399,8.22,8.27,8.229
219,000338,2016-04-22,8.279,8.159,8.189,8.25
220,000338,2016-04-25,8.22,7.98,8.22,8.1
221,000338,2016-04-26,8.149,8.039,8.1,8.119
222,000338,2016-04-27,8.22,8.109,8.13,8.119
223,000338,2016-04-28,8.18,7.989,8.14,8.029
224,000338,2016-04-29,8.09,8.0,8.01,8.039
225,000338,2016-05-03,8.159,8.0,8.02,8.149
226,000338,2016-05-04,8.35,8.1,8.119,8.239
227,000338,2016-05-05,8.27,8.189,8.199,8.239
228,000338,2016-05-06,8.279,8.01,8.229,8.01
229,000338,2016-05-09,8.0,7.63,8.0,7.679
230,000338,2016-05-10,7.739,7.63,7.679,7.659
231,000338,2016-05-11,7.73,7.61,7.699,7.679
232,000338,2016-05-12,7.739,7.55,7.63,7.71
233,000338,2016-05-13,7.769,7.579,7.71,7.63
234,000338,2016-05-16,7.76,7.57,7.61,7.76
235,000338,2016-05-17,7.86,7.679,7.75,7.739
236,000338,2016-05-18,7.699,7.46,7.679,7.679
237,000338,2016-05-19,7.71,7.599,7.619,7.599
238,000338,2016-05-20,7.63,7.5,7.579,7.619
239,000338,2016-05-23,7.679,7.619,7.659,7.65
240,000338,2016-05-24,7.65,7.559,7.639,7.579
241,000338,2016-05-25,7.659,7.55,7.619,7.579
242,000338,2016-05-26,7.679,7.519,7.55,7.659
243,000338,2016-05-27,7.73,7.599,7.65,7.71
244,000338,2016-05-30,7.739,7.63,7.69,7.71
245,000338,2016-05-31,7.949,7.69,7.71,7.94
246,000338,2016-06-01,7.969,7.88,7.929,7.889
247,000338,2016-06-02,7.889,7.82,7.88,7.86
248,000338,2016-06-03,7.969,7.82,7.869,7.929
249,000338,2016-06-06,7.96,7.829,7.94,7.849
250,000338,2016-06-07,7.869,7.809,7.849,7.82
